0.0000,2.1267,3.0294,4.4339,2.8824,9.0681,5.2784,3.5665,9.7125,7.6868,2.9446,6.8359,7.3079,7.5851,4.8678,1.5684,2.7849,3.3471,4.0287,3.5883,4.4497,5.3799,5.9136,5.0858,6.3234,4.3551,3.6002,3.9458,5.4366,4.3225,3.1341,7.2177,4.7398,2.6632,3.5327,7.4466,5.3490,5.9046,1.1656,5.7038,0.6694,5.8070,3.6916,5.5919,1.7467,3.2239,5.6884,6.2214,7.0352,1.8717,6.5835,9.4244,6.7194,3.1159,6.9355,9.0212,9.5939,6.9309,4.8230,6.8155,3.0072,2.4243,4.8444,5.0328,8.4876,6.9447,7.3461,5.3564,5.4340,4.3167,1.1707,8.0734,8.3088,9.0059,9.0722,2.2754,7.1747,6.3440,5.3901,3.0297,6.8513,9.8779,3.3715,7.4857,6.1561,6.3483,6.8271,5.4954,5.4201,5.7083,9.4064,7.2024,4.6915,6.1119,5.3980,7.1564,4.4822,5.7332,8.9081,4.0524,10.4811,9.3436,7.4994,3.0983,2.0643,5.8454,3.3009,3.5251,2.8602,5.3096,10.4997,2.1668,7.0438,3.5202,3.3453,4.8954,2.1606,3.1202,8.2018,6.9888,5.4195,6.7879,10.5203,3.6230,5.7438,4.1981,2.6859,1.6029,2.9745,1.4579,
2.1267,0.0000,2.4856,2.3280,4.9041,6.9704,6.5258,2.4566,8.3544,5.7726,5.0400,5.5179,5.5907,5.6723,4.1095,3.4144,2.0097,1.9482,3.5386,1.5491,2.8123,3.4339,4.0019,4.1048,6.6942,5.8417,3.0363,4.9071,4.6331,3.8448,2.3737,7.2121,3.0829,2.3642,1.4463,7.3236,3.3777,4.2133,1.8927,3.7057,2.0379,3.6805,3.9830,3.4824,3.8070,1.3244,3.6977,6.6824,5.0023,0.7102,4.4572,7.8999,4.6356,1.3362,4.8628,7.7379,8.2960,4.9061,4.3293,4.6894,5.0995,3.6273,5.5166,6.9485,7.1725,6.9940,5.5372,5.8219,7.3385,5.4311,1.6431,6.0622,6.6471,7.4016,7.4887,4.4021,6.4139,5.4873,4.0758,1.0581,5.7332,8.7730,3.2016,7.3634,6.1087,8.1784,5.5115,7.2640,5.1155,5.5925,7.3713,5.4216,2.6612,5.6994,4.2191,5.3392,5.7690,5.9424,7.1887,3.1408,9.6238,7.2685,6.5223,3.6363,3.2989,3.8743,4.0795,2.4404,4.9827,5.3380,9.7806,3.1077,7.0016,2.7597,4.1161,3.7786,2.6114,1.0280,7.9031,4.8808,4.3893,4.7722,9.7783,5.4563,5.6794,3.2185,3.6625,3.1395,4.8313,1.0214,
3.0294,2.4856,0.0000,3.9297,4.5931,7.2957,8.2857,0.8684,10.6444,5.3698,4.9763,7.8802,4.6844,5.2719,6.5950,3.1657,4.4636,1.2146,5.9954,2.5129,2.1046,3.4073,3.7664,6.5800,8.9733,7.3844,5.4932,3.0344,7.1175,1.3986,4.8401,9.6202,2.3442,4.7278,3.3770,9.7595,3.4511,6.3875,1.8826,3.8202,2.4064,4.6962,6.2346,4.2439,3.8540,2.0440,3.7849,8.9235,6.5668,1.8464,5.3542,10.0876,6.0314,3.7153,5.1755,10.0756,10.6190,6.5025,1.9035,5.5556,5.6580,2.4198,7.6380,7.9011,9.5036,4.5103,4.8545,8.0480,8.3041,7.2809,1.8637,7.6246,8.7470,9.5342,9.6374,4.7193,8.8951,3.3216,6.4777,2.1618,8.1613,11.1711,0.7784,9.7994,3.6232,9.2644,7.8750,8.4597,7.5660,3.1071,8.7974,7.4384,3.1399,8.1703,6.6579,4.6920,7.4909,8.2715,9.2115,5.6263,12.0804,7.4280,8.9745,5.7649,2.3072,5.6934,6.1047,0.8186,5.3498,7.7148,12.2563,1.8951,9.4170,0.5140,2.2350,6.2392,1.2668,2.5228,10.3711,6.1038,2.4041,4.8172,12.2516,6.5869,3.1942,1.2195,5.5547,2.6149,5.9433,1.8905,
4.4339,2.3280,3.9297,0.0000,7.2305,4.8892,8.0287,3.3600,6.8935,4.3043,7.3649,4.3531,4.5946,4.2170,4.0246,5.7289,2.9204,2.7850,3.9552,1.4216,2.7209,2.2794,2.7997,3.7259,7.3891,7.5818,3.5717,6.8512,4.3546,4.9314,3.0469,7.4700,2.8248,3.4969,0.9055,7.4439,2.1529,2.6376,4.1444,2.2857,4.3573,1.4863,5.0265,1.5320,6.1346,1.8878,2.3074,7.4663,2.7302,2.8481,2.2436,6.2400,2.3132,1.6099,2.9709,6.4110,6.9171,2.6467,5.2967,2.4729,7.3397,5.7751,6.6238,8.9953,5.8419,8.1310,4.3481,6.7048,9.3671,6.9141,3.9002,3.8018,4.8600,5.6562,5.7680,6.7032,5.8895,5.8551,3.2050,1.8244,4.8268,7.6158,4.7024,7.4808,7.2381,10.1210,4.3512,9.1732,5.3307,6.7174,5.0765,3.5315,1.5053,5.6932,3.5210,4.1552,7.3583,6.5639,5.2926,3.2113,8.7274,5.2634,5.7075,4.9616,5.4838,1.7640,5.4901,3.3815,7.2642,5.8663,9.0417,5.2163,7.2411,3.9040,6.0324,3.3073,4.6132,1.5162,7.7765,2.5555,4.7381,3.1061,9.0125,7.4780,6.8396,3.9578,5.2883,5.4109,6.8952,3.2739,
2.8824,4.9041,4.5931,7.2305,0.0000,11.6116,5.8693,5.4167,12.4391,9.9109,0.5556,9.5888,9.2774,9.8108,7.4517,1.5391,5.5619,5.4829,6.5547,6.1841,6.5813,7.7538,8.2136,7.7580,7.9131,4.7303,6.2102,3.1658,8.0064,5.3394,5.8695,9.0941,6.8536,5.3026,6.3479,9.4119,7.7571,8.7736,3.1808,8.1314,2.8775,8.5157,5.7674,8.2234,1.1397,5.7380,8.1063,7.7258,9.8898,4.4402,9.2793,12.2241,9.5397,5.9952,9.4511,11.7210,12.2928,9.7888,5.7199,9.5075,1.8856,2.3098,6.3190,4.0906,11.2104,6.7295,9.4349,6.9715,4.4490,5.3385,3.3988,10.9379,11.1587,11.8358,11.8950,1.1923,9.6324,7.3724,8.1750,5.6187,9.5170,12.4681,4.4116,9.4478,6.2047,5.4549,9.5791,4.9246,7.6906,5.9366,12.2622,10.0788,7.2116,8.4002,8.1358,9.2660,5.1893,7.5524,11.7692,6.7594,12.9003,11.8227,10.0728,5.1196,2.3037,8.7170,5.0331,5.3663,1.4185,7.3391,12.8185,2.7250,8.9667,5.0812,3.1980,7.6299,3.3264,5.8031,10.2727,9.7770,6.7885,9.2024,12.8556,3.4059,5.8974,5.7638,4.4294,2.0106,3.0076,3.9920,
9.0681,6.9704,7.2957,4.8892,11.6116,0.0000,12.8629,6.4316,8.4877,2.4385,11.8611,7.3273,3.6425,2.4895,8.2944,10.0740,7.7758,6.1897,8.5431,5.4848,5.1936,3.8994,3.5475,7.8335,11.8348,12.4663,8.2619,10.2264,8.3966,7.4367,7.8430,11.5585,4.9745,8.3550,5.7394,11.4039,3.8752,5.8023,8.4370,3.4991,8.8061,3.4032,9.7866,3.4907,10.6212,5.8924,3.5292,11.9678,3.7356,7.2382,2.6722,7.4993,3.3749,6.4986,2.1606,8.4351,8.6984,3.8376,7.4837,2.4581,12.0661,9.6757,11.3404,13.8573,8.0165,9.8099,3.1676,11.3057,14.2354,11.7569,8.2324,3.7863,6.2793,6.8687,7.0120,11.3212,9.3500,6.8319,7.0150,6.0505,8.0338,9.7216,7.8539,11.4342,9.0980,15.0068,7.3333,14.0610,9.6106,8.7002,3.7289,5.3929,4.4078,9.7406,7.3944,3.1900,12.2209,11.0130,6.1667,7.7482,11.1463,0.5318,8.8150,9.8046,9.4918,4.5991,10.3394,6.4801,11.9243,10.3091,11.6926,9.1165,11.3334,6.9398,9.4802,7.4575,8.4512,5.9521,11.4376,2.9067,6.2378,2.4823,11.6215,12.3435,8.8511,6.4697,10.1725,9.6242,11.7450,7.6859,
5.2784,6.5258,8.2857,8.0287,5.8693,12.8629,0.0000,8.7076,9.4894,12.1793,5.3806,7.2904,12.1094,12.0827,5.1010,5.9640,5.1083,8.3483,4.4887,7.9935,9.3278,9.8729,10.4530,5.6299,2.8361,1.1406,4.6522,8.6590,5.3661,9.6009,5.0200,4.2474,9.6041,4.5326,7.2839,4.6747,9.7934,7.6765,6.4439,10.0728,5.9382,9.4881,3.1182,9.5441,5.3935,7.8487,10.0756,2.5570,9.6793,6.7539,10.1916,9.7571,9.7113,6.4450,10.9941,8.7333,9.2208,9.5543,10.1011,10.4051,4.0351,7.2524,1.8275,2.8858,8.4201,12.0487,12.0262,2.3316,2.9498,1.1172,6.4250,10.4323,9.3051,9.6718,9.6589,4.7302,6.0966,11.6073,6.4768,7.5753,6.7942,8.9071,8.6452,4.6968,11.3268,2.9767,7.2786,2.2044,4.2356,10.9148,11.7140,8.8433,9.0367,4.7138,6.1792,11.8264,0.7962,3.0594,9.9688,5.2525,8.7311,13.2708,6.8393,3.0672,6.9718,8.4846,2.5405,8.6734,4.4847,3.4297,8.3912,7.2397,4.2401,8.7571,8.3071,5.8484,7.4050,7.4491,5.5984,10.1367,10.6357,11.0613,8.4659,2.5062,10.9330,9.4039,2.8636,6.4102,2.8717,6.4941,
3.5665,2.4566,0.8684,3.3600,5.4167,6.4316,8.7076,0.0000,10.2093,4.5124,5.7753,7.5250,3.8781,4.4138,6.4778,3.9490,4.4591,0.6015,5.9779,1.9546,1.2382,2.5524,2.8984,6.3935,9.1365,7.8742,5.4780,3.8477,6.9678,1.5805,4.8117,9.6650,1.4762,4.8151,2.9701,9.7666,2.6037,5.9321,2.5032,2.9681,3.0120,3.9421,6.4086,3.4603,4.6138,1.5681,2.9313,9.1134,5.8869,1.9889,4.5624,9.5929,5.3208,3.4863,4.3206,9.6804,10.2084,5.8324,1.9922,4.7553,6.3675,3.2839,7.8953,8.5551,9.1072,4.8059,4.0182,8.2455,8.9585,7.6604,2.4115,6.9278,8.2198,9.0152,9.1257,5.4553,8.7123,3.0334,6.1793,1.7785,7.8728,10.8262,1.4829,9.8063,3.9076,9.8969,7.5209,9.0591,7.5539,3.3828,8.0567,6.8910,2.3651,8.1134,6.4006,3.8499,7.9208,8.3946,8.6456,5.5076,11.8146,6.5599,8.7158,6.0052,3.1537,5.1096,6.3983,0.0507,6.0889,7.7945,12.0377,2.7489,9.4529,0.5727,3.0680,6.0231,2.1013,2.1362,10.3156,5.3549,1.9578,3.9515,12.0250,7.1845,3.4977,0.7622,5.8976,3.4163,6.5362,2.2142,
9.7125,8.3544,10.6444,6.8935,12.4391,8.4877,9.4894,10.2093,0.0000,9.8032,12.3006,2.8800,10.6706,9.7655,5.0377,11.2809,6.9278,9.6138,5.9442,8.2577,9.5912,8.8015,9.1202,4.6839,6.9278,9.9111,6.2368,13.2525,4.5229,11.7898,6.5890,5.7545,9.6547,7.1366,7.2724,5.3560,8.6647,4.2772,10.1273,8.5795,10.0502,7.0407,7.0844,7.5707,11.3310,8.6559,8.6219,7.2005,5.1630,9.0630,7.0236,1.0103,5.7915,7.0196,8.2037,0.7636,0.3372,5.1243,12.1788,7.0379,11.5608,11.8877,7.6963,11.9798,1.2288,15.0103,10.2485,7.1616,12.1975,8.7975,9.8916,4.7204,2.2850,1.6190,1.4759,11.4440,3.3984,12.6896,4.3392,8.4928,2.9503,1.3706,11.4185,5.3592,14.1137,12.4489,2.8883,11.5872,5.3266,13.5900,5.0226,3.5351,8.2657,4.7777,4.3164,10.1108,9.3354,6.4537,2.3283,5.6834,2.8253,9.0159,2.6550,7.6396,11.5330,5.2761,7.9848,10.2243,11.7535,6.0785,3.4879,11.4159,5.6296,10.7213,12.4694,4.8213,10.9636,8.1280,4.7439,6.1311,11.5992,8.7194,3.3905,10.7480,13.7068,10.8455,8.3816,11.2255,10.4850,9.3307,
7.6868,5.7726,5.3698,4.3043,9.9109,2.4385,12.1793,4.5124,9.8032,0.0000,10.2382,7.9883,1.2067,0.1018,8.2731,8.4096,7.1304,4.4461,8.2594,4.2307,3.3318,2.3387,1.7779,7.9116,11.6922,11.5893,7.8694,8.1122,8.5322,5.2263,7.3131,11.7088,3.0573,7.6852,4.9162,11.6433,2.4001,6.2352,6.8387,2.1067,7.2858,3.1231,9.2849,2.8066,9.0345,4.4916,2.1040,11.7705,4.6460,5.8185,2.8314,8.8910,4.0414,5.7728,1.6247,9.5761,9.9497,4.6955,5.1967,2.7781,10.6694,7.7889,10.8899,12.6865,9.0738,7.3888,0.7299,11.0028,13.0822,11.0638,6.6755,5.2059,7.5182,8.2365,8.3781,9.8241,9.8538,4.4054,7.2347,4.7274,8.6212,10.8794,5.7983,11.6783,6.7027,13.9446,7.9910,13.0357,9.5994,6.3290,5.6663,6.3442,3.1472,9.8991,7.5978,0.7797,11.4594,10.8661,7.6041,7.5091,12.2091,2.3195,9.4844,9.1419,7.6658,4.9278,9.6500,4.5632,10.4521,10.1663,12.6615,7.2609,11.4791,4.9362,7.4223,7.4964,6.6125,4.7719,11.8689,3.6731,3.9019,1.2292,12.6085,11.2140,6.4799,4.3567,9.3435,7.9011,10.5793,6.2317,
2.9446,5.0400,4.9763,7.3649,0.5556,11.8611,5.3806,5.7753,12.3006,10.2382,0.0000,9.4743,9.6507,10.1374,7.2813,1.8300,5.4935,5.7941,6.3766,6.3965,6.9070,8.0371,8.5167,7.6176,7.5210,4.2400,6.0642,3.7170,7.8260,5.8025,5.7768,8.7389,7.1852,5.1830,6.4690,9.0707,8.0320,8.7566,3.4312,8.4034,3.0625,8.6973,5.4946,8.4345,1.2436,5.9698,8.3806,7.3229,9.9792,4.6388,9.4682,12.1295,9.6605,6.0486,9.7039,11.5717,12.1412,9.8742,6.1997,9.6985,1.3602,2.7845,5.9305,3.5350,11.0738,7.2812,9.7875,6.5945,3.8939,4.9072,3.6290,11.0141,11.1098,11.7658,11.8188,0.8675,9.4047,7.8545,8.0863,5.8283,9.3620,12.2710,4.8548,9.1057,6.7463,4.9002,9.4643,4.3721,7.4297,6.4680,12.3496,10.0729,7.4534,8.1365,8.0218,9.6138,4.7239,7.2017,11.7328,6.6431,12.6463,12.0923,9.8796,4.8531,2.7318,8.7830,4.7162,5.7254,0.8981,7.0301,12.5375,3.1503,8.6209,5.4756,3.7173,7.5181,3.7139,5.9836,9.9467,9.9198,7.2299,9.4824,12.5787,2.8948,6.4325,6.1689,4.1373,2.3624,2.5436,4.1881,
6.8359,5.5179,7.8802,4.3531,9.5888,7.3273,7.2904,7.5250,2.8800,7.9883,9.4743,0.0000,8.6387,7.9281,2.3355,8.4041,4.0529,6.9236,3.2063,5.6079,7.0666,6.5038,6.9259,1.8901,5.1986,7.4900,3.4258,10.3960,1.9382,9.0957,3.7228,4.4814,7.1778,4.2925,4.5550,4.2332,6.3672,1.7875,7.2569,6.3725,7.1708,4.9234,4.4964,5.3779,8.4717,5.9569,6.4084,5.4207,3.5940,6.2282,5.1752,2.6749,4.0502,4.1937,6.3722,2.2229,2.7874,3.4974,9.5155,5.2729,8.8138,9.0144,5.4658,9.4865,1.6653,12.3248,8.2826,5.0845,9.7486,6.4228,7.0238,3.7971,2.0208,2.4272,2.4418,8.6267,2.0437,10.2044,1.4619,5.7638,0.7215,3.3013,8.6448,4.2573,11.4260,10.1399,0.0118,9.2231,3.0915,10.9007,4.8159,2.0027,5.8317,2.8373,1.4534,8.1155,6.9735,4.5008,2.6800,2.8320,4.3782,7.8475,1.5071,4.9737,8.6581,3.0697,5.3883,7.5342,8.9723,3.9239,4.7317,8.5503,4.2773,8.0054,9.6217,1.9589,8.1166,5.3991,4.1296,4.4986,9.0807,6.7902,4.6927,8.1471,11.0091,8.2072,5.6944,8.3457,7.8119,6.4745,
7.3079,5.5907,4.6844,4.5946,9.2774,3.6425,12.1094,3.8781,10.6706,1.2067,9.6507,8.6387,0.0000,1.1683,8.6181,7.8265,7.2029,3.9653,8.4783,4.1319,2.8601,2.3432,1.7952,8.3137,11.9055,11.4233,8.0462,7.2087,8.9423,4.2912,7.4395,12.0617,2.5703,7.7235,5.0192,12.0383,2.4571,6.8541,6.3431,2.3206,6.8286,3.7193,9.3649,3.2695,8.4904,4.2665,2.2938,11.9557,5.5199,5.4888,3.6500,9.7979,4.8809,5.8695,2.5112,10.3816,10.7914,5.5498,4.1853,3.6585,10.2170,7.0626,10.9625,12.3407,9.8557,6.2165,0.4929,11.1483,12.7419,11.0062,6.2143,6.2031,8.3961,9.1451,9.2838,9.3231,10.3967,3.2334,7.7234,4.5356,9.2257,11.6742,4.9880,12.0750,5.5621,13.6466,8.6400,12.7682,9.9150,5.2162,6.7834,7.1543,3.1935,10.2874,8.0666,0.5695,11.3585,11.0910,8.5470,7.7751,12.9518,3.4906,10.1046,9.1406,6.9865,5.5781,9.6223,3.9275,9.9566,10.4066,13.3615,6.5692,11.8332,4.2038,6.5732,7.8946,5.9510,4.6709,12.3475,4.5758,2.8652,1.9601,13.3164,10.9116,5.3662,3.5504,9.2468,7.2891,10.2662,5.8586,
7.5851,5.6723,5.2719,4.2170,9.8108,2.4895,12.0827,4.4138,9.7655,0.1018,10.1374,7.9281,1.1683,0.0000,8.1921,8.3088,7.0368,4.3450,8.1722,4.1310,3.2312,2.2385,1.6767,7.8337,11.6057,11.4904,7.7801,8.0216,8.4551,5.1391,7.2215,11.6295,2.9572,7.5908,4.8222,11.5663,2.3009,6.1711,6.7372,2.0105,7.1841,3.0517,9.1924,2.7249,8.9332,4.3904,2.0072,11.6828,4.6054,5.7168,2.7799,8.8578,3.9956,5.6793,1.5743,9.5313,9.9091,4.6525,5.1151,2.7339,10.5676,7.6912,10.7975,12.5852,9.0264,7.3280,0.6814,10.9132,12.9809,10.9674,6.5739,5.1832,7.4807,8.2032,8.3445,9.7225,9.7861,4.3461,7.1619,4.6266,8.5576,10.8340,5.7043,11.6015,6.6354,13.8437,7.9307,12.9352,9.5174,6.2575,5.6672,6.2981,3.0493,9.8212,7.5239,0.7090,11.3619,10.7799,7.5751,7.4237,12.1588,2.3883,9.4225,9.0467,7.5670,4.8648,9.5542,4.4645,10.3505,10.0807,12.6074,7.1624,11.3997,4.8400,7.3292,7.4180,6.5135,4.6726,11.7973,3.6344,3.8241,1.1550,12.5551,11.1130,6.4085,4.2638,9.2458,7.8008,10.4781,6.1299,
4.8678,4.1095,6.5950,4.0246,7.4517,8.2944,5.1010,6.4778,5.0377,8.2731,7.2813,2.3355,8.6181,8.1921,0.0000,6.4131,2.1971,5.9023,0.9072,4.8161,6.4023,6.2889,6.8229,0.5305,3.5408,5.1889,1.2681,8.6885,0.5689,7.9458,1.8098,3.4461,6.5948,2.2056,3.7342,3.4286,6.1674,2.6510,5.5307,6.3091,5.3239,5.1952,2.1676,5.4672,6.3714,4.9970,6.3316,3.6831,4.7638,4.7723,5.7371,4.9927,4.9453,3.0150,6.7897,4.2972,4.8640,4.6408,8.4209,5.9111,6.5271,7.2153,3.3205,7.1585,3.8206,11.1009,8.3685,3.1001,7.4288,4.1541,5.3277,5.3932,4.2774,4.7598,4.7771,6.4195,2.3441,9.4331,1.3984,4.7380,2.0879,5.0287,7.2978,3.4662,10.2176,7.8616,2.3241,6.9302,1.3343,9.7020,6.6370,3.7459,5.4663,1.6871,1.0788,8.1771,4.7023,2.7224,4.9457,0.9719,5.6350,8.7673,2.6375,2.6419,6.8497,3.7001,3.0542,6.4718,6.7160,2.0241,5.7163,6.8247,3.2170,6.8500,7.9739,0.8395,6.5117,4.4156,3.8571,5.4069,8.2991,7.0484,5.7240,5.8118,9.7881,7.2284,3.3705,6.4549,5.4875,4.8869,
1.5684,3.4144,3.1657,5.7289,1.5391,10.0740,5.9640,3.9490,11.2809,8.4096,1.8300,8.4041,7.8265,8.3088,6.4131,0.0000,4.3533,3.9677,5.5544,4.6478,5.0779,6.2245,6.6945,6.6482,7.5124,4.8897,5.1453,2.7189,6.9808,4.1112,4.7004,8.5382,5.3555,4.2086,4.8603,8.8042,6.2247,7.4307,1.6420,6.5982,1.3770,6.9862,5.0440,6.6863,0.7152,4.1992,6.5738,7.3708,8.4163,2.9118,7.7468,10.9854,8.0419,4.5822,7.9137,10.5890,11.1617,8.3190,4.5504,7.9743,2.5775,1.2981,5.9522,4.8982,10.0560,6.1044,7.9581,6.5405,5.2938,5.1849,1.8632,9.4739,9.8496,10.5574,10.6265,1.6050,8.6970,6.1939,6.9565,4.0838,8.4152,11.4339,3.1313,8.8423,5.4300,6.2887,8.3953,5.5813,6.8745,5.0655,10.7857,8.7122,5.6726,7.5777,6.9663,7.7840,5.1964,7.0133,10.4385,5.6174,12.0012,10.2897,9.0495,4.4092,1.0731,7.2700,4.4813,3.8993,2.2164,6.6712,11.9923,1.4438,8.3814,3.6721,2.3576,6.4634,1.9192,4.2784,9.6040,8.2646,5.4789,7.6723,12.0177,3.7849,5.0614,4.3727,3.8408,0.5673,3.2016,2.4672,
2.7849,2.0097,4.4636,2.9204,5.5619,7.7758,5.1083,4.4591,6.9278,7.1304,5.4935,4.0529,7.2029,7.0368,2.1971,4.3533,0.0000,3.9242,1.5326,3.1026,4.6336,4.8846,5.4619,2.3273,4.7661,4.7054,1.0300,6.5034,2.7549,5.8430,0.3878,5.2060,4.8723,0.5792,2.2153,5.3139,4.7889,3.3037,3.3395,5.0323,3.1662,4.3852,2.1647,4.4397,4.4333,3.1270,5.0408,4.7855,4.8863,2.6195,5.1048,6.6643,4.7718,1.3576,5.8878,6.2374,6.8099,4.7661,6.3329,5.3240,5.0322,5.0489,3.7683,6.2950,5.7027,8.9468,7.0528,3.9550,6.6412,3.9941,3.1323,5.8161,5.6169,6.2768,6.3339,4.6749,4.5409,7.4809,2.6168,2.8448,4.0804,7.1247,5.1371,5.3538,8.0725,7.3148,4.0439,6.3570,3.1077,7.5632,7.1654,4.6285,4.0300,3.7080,2.6132,6.8531,4.4460,3.9840,6.2443,1.2898,7.8220,8.1708,4.7715,2.0412,4.6850,3.6369,2.5706,4.4452,5.1009,3.3512,7.9133,4.6381,4.9939,4.7664,5.7795,2.1115,4.3146,2.5969,5.9076,5.1569,6.3689,5.9778,7.9210,4.7930,7.6422,5.2212,2.4219,4.3250,4.2848,2.6965,
3.3471,1.9482,1.2146,2.7850,5.4829,6.1897,8.3483,0.6015,9.6138,4.4461,5.7941,6.9236,3.9653,4.3450,5.9023,3.9677,3.9242,0.0000,5.4298,1.3681,1.1236,2.2931,2.7309,5.8052,8.6420,7.5645,4.9329,4.2462,6.3849,2.1777,4.2663,9.1265,1.4105,4.3110,2.3686,9.2165,2.3152,5.3371,2.3994,2.6910,2.8688,3.4818,5.9292,3.0354,4.5888,0.9666,2.6604,8.6302,5.3679,1.5956,4.1468,9.0066,4.8225,2.8996,4.0419,9.0810,9.6103,5.3075,2.5936,4.3516,6.2620,3.4905,7.4473,8.3780,8.5078,5.4056,4.0327,7.7683,8.7798,7.2798,2.2540,6.4206,7.6400,8.4339,8.5428,5.3895,8.1221,3.5582,5.5791,1.1818,7.2726,10.2248,1.9518,9.2560,4.5070,9.6938,6.9195,8.8295,7.0024,3.9820,7.5839,6.3156,1.9320,7.5487,5.8035,3.8498,7.5701,7.8863,8.0771,4.9345,11.2148,6.3627,8.1173,5.5593,3.3030,4.5436,5.9770,0.6117,6.0207,7.2719,11.4416,2.9279,8.9119,1.1193,3.4410,5.4310,2.2624,1.5364,9.7482,4.8894,2.4458,3.7370,11.4281,6.9633,4.0952,1.3274,5.5075,3.4737,6.3157,1.9126,
4.0287,3.5386,5.9954,3.9552,6.5547,8.5431,4.4887,5.9779,5.9442,8.2594,6.3766,3.2063,8.4783,8.1722,0.9072,5.5544,1.5326,5.4298,0.0000,4.4887,6.0621,6.1352,6.6956,1.3207,3.4364,4.4358,0.5027,7.9066,1.4519,7.3756,1.1665,3.7023,6.2819,1.3796,3.4724,3.7887,6.0245,3.1963,4.7744,6.2153,4.5239,5.2836,1.4028,5.4703,5.4839,4.5864,6.2316,3.5118,5.2000,4.1500,5.9086,5.8771,5.2773,2.6545,6.8667,5.2044,5.7711,5.0750,7.8651,6.1038,5.6247,6.4129,2.8157,6.3433,4.7254,10.4704,8.2754,2.7758,6.6313,3.4647,4.5872,5.9468,5.0881,5.6152,5.6406,5.5139,3.1462,8.9876,2.0549,4.3110,2.9949,5.9155,6.6612,3.8284,9.5996,7.1235,3.1953,6.1776,1.5772,9.0922,7.2416,4.4152,5.2862,2.1826,1.8311,8.0788,3.9997,2.6152,5.7534,0.7954,6.4526,8.9890,3.5201,1.7797,6.0471,4.0327,2.2365,5.9659,5.8093,1.9289,6.4823,6.0515,3.4849,6.2975,7.2175,1.4062,5.7872,4.0260,4.3770,5.7204,7.8670,7.0558,6.4991,4.9580,9.1693,6.7388,2.4891,5.6276,4.6059,4.2027,
3.5883,1.5491,2.5129,1.4216,6.1841,5.4848,7.9935,1.9546,8.2577,4.2307,6.3965,5.6079,4.1319,4.1310,4.8161,4.6478,3.1026,1.3681,4.4887,0.0000,1.5868,1.8946,2.4698,4.6431,7.8588,7.3628,4.0196,5.4742,5.2504,3.5341,3.3770,8.1739,1.7938,3.6014,1.1003,8.2160,1.8317,3.9809,3.0085,2.1566,3.3341,2.3584,5.2499,2.0400,5.1532,0.4941,2.1487,7.8863,4.0750,1.7586,3.1049,7.6396,3.5742,1.8355,3.3472,7.7393,8.2621,4.0046,3.9240,3.3302,6.5935,4.4970,6.8396,8.4949,7.1667,6.7529,4.0328,7.0571,8.8859,6.8848,2.7853,5.1415,6.2720,7.0658,7.1747,5.8365,6.9305,4.6631,4.3145,0.5683,5.9992,8.9045,3.2827,8.2548,5.8560,9.7272,5.6045,8.8109,6.0177,5.3323,6.3602,4.9489,1.1148,6.4977,4.5715,3.8331,7.2553,7.0626,6.7137,3.8790,9.9396,5.7555,6.8608,5.0087,4.2373,3.1849,5.4924,1.9724,6.4402,6.4027,10.1999,3.9277,7.9514,2.4871,4.6561,4.2461,3.2924,0.5452,8.6695,3.7093,3.5257,3.2264,10.1804,7.0052,5.4499,2.6014,5.1379,4.2525,6.3787,2.2089,
4.4497,2.8123,2.1046,2.7209,6.5813,5.1936,9.3278,1.2382,9.5912,3.3318,6.9070,7.0666,2.8601,3.2312,6.4023,5.0779,4.6336,1.1236,6.0621,1.5868,0.0000,1.3304,1.6634,6.2188,9.3996,8.5944,5.5851,5.0616,6.8307,2.4847,4.9323,9.7551,0.2901,5.0941,2.6752,9.8018,1.3976,5.3565,3.5229,1.7483,3.9903,2.9035,6.7425,2.3761,5.7086,1.5179,1.7090,9.4138,4.9393,2.6339,3.4389,8.8910,4.3304,3.4160,3.0920,9.1279,9.6272,4.9022,2.7337,3.6144,7.3837,4.5087,8.3074,9.4823,8.5601,5.5279,2.9099,8.5702,9.8831,8.2394,3.3757,5.9378,7.4835,8.2823,8.4026,6.5130,8.4898,3.1380,5.8428,1.8022,7.5085,10.3367,2.6831,9.8406,4.6563,10.7866,7.0643,9.9105,7.6009,4.1534,6.9879,6.1439,1.3688,8.0845,6.1200,2.7263,8.5619,8.6142,7.8442,5.4654,11.4325,5.3245,8.3812,6.4392,4.3574,4.3464,6.8910,1.2871,7.1443,7.9652,11.7227,3.9627,9.5334,1.7589,4.2956,5.8168,3.3038,2.0410,10.2542,4.2967,2.0172,2.7132,11.6985,8.0519,4.2891,1.4360,6.4675,4.5709,7.4062,2.9986,
5.3799,3.4339,3.4073,2.2794,7.7538,3.8994,9.8729,2.5524,8.8015,2.3387,8.0371,6.5038,2.3432,2.2385,6.2889,6.2245,4.8846,2.2931,6.1352,1.8946,1.3304,0.0000,0.5807,6.0046,9.5642,9.2572,5.7060,6.3906,6.6331,3.7662,5.1067,9.7279,1.1719,5.4201,2.6834,9.7149,0.1376,4.7237,4.6076,0.4179,5.0218,1.8086,7.0494,1.2554,6.8102,2.1631,0.3792,9.6177,3.8693,3.5082,2.1910,8.0204,3.2267,3.5390,1.7685,8.4158,8.8766,3.8549,3.9501,2.3417,8.3791,5.7763,8.6522,10.3569,7.8635,6.6499,2.1688,8.8169,10.7512,8.7604,4.4229,4.7969,6.5980,7.3868,7.5160,7.5642,8.1507,3.9608,5.4645,2.3908,7.0381,9.6755,4.0127,9.7521,5.8117,11.6076,6.5036,10.6972,7.5772,5.3325,5.7548,5.2775,0.8557,7.9657,5.7920,1.9688,9.1421,8.7486,6.8808,5.4338,10.8730,4.0726,7.9218,6.8595,5.5960,3.5379,7.3564,2.5993,8.1853,8.0634,11.2316,5.2177,9.5000,3.0878,5.6194,5.5862,4.5525,2.4381,10.0556,3.1090,2.9685,1.4487,11.1953,8.8788,5.4755,2.7279,7.0244,5.7516,8.2461,3.9353,
5.9136,4.0019,3.7664,2.7997,8.2136,3.5475,10.4530,2.8984,9.1202,1.7779,8.5167,6.9259,1.7952,1.6767,6.8229,6.6945,5.4619,2.7309,6.6956,2.4698,1.6634,0.5807,0.0000,6.5215,10.1281,9.8322,6.2724,6.6799,7.1503,3.9349,5.6790,10.2666,1.4291,5.9994,3.2560,10.2437,0.6743,5.1388,5.0970,0.5536,5.5294,2.0796,7.6265,1.5623,7.2994,2.7138,0.5177,10.1854,4.0743,4.0433,2.2703,8.3032,3.4213,4.1134,1.5317,8.7706,9.2127,4.0769,4.0488,2.3719,8.9035,6.1716,9.2299,10.9086,8.2275,6.6347,1.5912,9.3888,11.3043,9.3408,4.9234,4.9266,6.8826,7.6603,7.7935,8.0717,8.6297,3.8165,5.9484,2.9522,7.4861,10.0456,4.3064,10.2805,5.8304,12.1682,6.9264,11.2617,8.1211,5.3761,5.7753,5.5853,1.4319,8.4929,6.2856,1.3917,9.7211,9.3104,7.1189,5.9840,11.2770,3.6616,8.3686,7.4399,6.0142,3.9033,7.9371,2.9479,8.6968,8.6223,11.6575,5.6233,10.0381,3.3939,5.9334,6.1024,4.9622,3.0143,10.5618,3.2275,2.9325,1.0683,11.6174,9.4367,5.5235,2.9354,7.6034,6.2045,8.8015,4.4611,
5.0858,4.1048,6.5800,3.7259,7.7580,7.8335,5.6299,6.3935,4.6839,7.9116,7.6176,1.8901,8.3137,7.8337,0.5305,6.6482,2.3273,5.8052,1.3207,4.6431,6.2188,6.0046,6.5215,0.0000,4.0180,5.6975,1.5534,8.8209,0.6288,7.9006,1.9569,3.8026,6.3940,2.4595,3.5450,3.7349,5.8787,2.1355,5.6547,5.9951,5.4933,4.8078,2.6641,5.1147,6.6572,4.8715,6.0204,4.1740,4.2612,4.7933,5.3124,4.5645,4.4703,2.9072,6.3963,3.9633,4.5354,4.1392,8.3630,5.4775,6.9255,7.3757,3.8509,7.6464,3.4564,11.0896,8.0427,3.6195,7.9245,4.6742,5.4389,4.8681,3.7799,4.2945,4.3201,6.7630,2.3209,9.2965,0.8742,4.6265,1.7679,4.7986,7.3064,3.7707,10.1991,8.3757,1.8792,7.4402,1.7785,9.6789,6.1072,3.2156,5.2033,1.9876,0.5494,7.8547,5.2210,3.2101,4.4473,1.0382,5.5300,8.3140,2.4500,3.0978,7.0121,3.2344,3.5364,6.3916,7.0913,2.5220,5.6767,6.9562,3.5730,6.7991,8.0830,0.4192,6.5987,4.2865,4.0584,4.9351,8.1591,6.6831,5.6736,6.2762,9.7716,7.1317,3.8096,6.6480,5.9256,4.9547,
6.3234,6.6942,8.9733,7.3891,7.9131,11.8348,2.8361,9.1365,6.9278,11.6922,7.5210,5.1986,11.9055,11.6057,3.5408,7.5124,4.7661,8.6420,3.4364,7.8588,9.3996,9.5642,10.1281,4.0180,0.0000,3.6744,3.8597,10.1927,3.5134,10.3701,4.4833,1.4114,9.6375,4.3316,6.8883,1.8401,9.4557,6.1365,7.3811,9.6515,6.9692,8.6790,2.7393,8.8958,7.1307,7.8901,9.6675,0.2861,8.2731,7.1761,9.2592,7.3513,8.4839,6.0475,10.2715,6.1987,6.6319,8.1522,10.8765,9.4398,6.3042,8.6782,1.5942,5.6848,5.9810,13.2447,11.7105,0.9731,5.7798,2.6785,7.2679,8.8053,7.1825,7.3893,7.3485,6.7212,3.5657,12.1688,4.8739,7.6068,4.5647,6.1884,9.5259,1.8614,12.4262,5.7672,5.1875,5.0400,2.2471,11.9516,9.9597,7.0535,8.7120,2.3639,4.5053,11.5135,3.0496,0.8290,7.8132,4.1862,5.9066,12.3053,4.3593,3.2443,8.3382,7.2406,3.0423,9.1156,6.6876,1.5353,5.5551,8.4873,1.4157,9.3585,9.6582,4.3792,8.4339,7.3622,2.7624,8.9466,11.0822,10.4834,5.6302,4.9414,12.0036,9.8935,3.6804,7.8096,5.0345,7.0842,
4.3551,5.8417,7.3844,7.5818,4.7303,12.4663,1.1406,7.8742,9.9111,11.5893,4.2400,7.4900,11.4233,11.4904,5.1889,4.8897,4.7054,7.5645,4.4358,7.3628,8.5944,9.2572,9.8322,5.6975,3.6744,0.0000,4.4756,7.5621,5.5549,8.6578,4.7024,5.0577,8.8779,4.1306,6.7724,5.4625,9.1895,7.6080,5.5130,9.4929,4.9950,9.0648,3.0391,9.0584,4.2917,7.1612,9.4910,3.4192,9.4940,5.9739,9.8006,10.0700,9.4497,5.9726,10.5075,9.1478,9.6666,9.3701,9.1506,10.0226,2.8958,6.1857,2.2930,2.0903,8.7783,10.9916,11.3787,2.9452,2.2864,1.1205,5.5225,10.3285,9.4653,9.9125,9.9159,3.5995,6.5744,10.6973,6.4888,6.8997,7.0812,9.4674,7.6858,5.4897,10.2921,2.6883,7.4783,1.7433,4.5845,9.8958,11.6476,8.8504,8.4449,5.1695,6.2382,11.1805,0.6289,3.6803,10.1337,5.1262,9.4427,12.8446,7.2622,2.7531,5.9209,8.2628,2.2300,7.8367,3.3442,3.8629,9.1648,6.2113,5.0098,7.8720,7.2445,5.8412,6.4273,6.8192,6.3915,9.8503,9.7676,10.5202,9.2308,1.3743,9.9067,8.5404,2.2939,5.3605,1.7421,5.6683,
3.6002,3.0363,5.4932,3.5717,6.2102,8.2619,4.6522,5.4780,6.2368,7.8694,6.0642,3.4258,8.0462,7.7801,1.2681,5.1453,1.0300,4.9329,0.5027,4.0196,5.5851,5.7060,6.2724,1.5534,3.8597,4.4756,0.0000,7.4436,1.8367,6.8729,0.6667,4.1946,5.8100,0.9375,3.0286,4.2891,5.5990,3.1436,4.2987,5.8050,4.0680,4.9491,1.5368,5.0995,5.1176,4.0999,5.8191,3.9133,5.0413,3.6482,5.6057,6.0979,5.0596,2.1927,6.5168,5.5122,6.0834,4.9166,7.3624,5.8091,5.3962,5.9596,3.0828,6.2936,5.0097,9.9712,7.8583,3.1338,6.6026,3.5820,4.1059,5.8531,5.2111,5.7894,5.8263,5.2098,3.5881,8.4911,2.1299,3.8225,3.3069,6.2920,6.1616,4.3288,9.0991,7.1578,3.4153,6.2025,2.0792,8.5910,7.1736,4.4210,4.8528,2.6813,1.9874,7.6604,4.0955,3.0504,5.8681,0.6660,6.8909,8.6934,3.9042,1.7326,5.5938,3.8337,2.2456,5.4655,5.5465,2.3832,6.9442,5.5836,3.9791,5.7949,6.7436,1.5011,5.3023,3.5454,4.8785,5.4885,7.3726,6.6778,6.9575,4.8585,8.6688,6.2393,2.3671,5.1901,4.4522,3.7075,
3.9458,4.9071,3.0344,6.8512,3.1658,10.2264,8.6590,3.8477,13.2525,8.1122,3.7170,10.3960,7.2087,8.0216,8.6885,2.7189,6.5034,4.2462,7.9066,5.4742,5.0616,6.3906,6.6799,8.8209,10.1927,7.5621,7.4436,0.0000,9.2528,2.9180,6.8861,11.1533,5.2584,6.5272,6.1616,11.3905,6.4484,9.1080,3.1663,6.8081,3.3857,7.7265,7.6290,7.2782,3.2704,4.9833,6.7697,10.0632,9.5490,4.2056,8.3883,12.8051,9.0384,6.2427,8.1531,12.6187,13.1824,9.4770,3.1028,8.5886,4.9504,1.5245,8.6507,7.2390,12.0587,3.5642,7.4958,9.2197,7.6062,7.9035,3.3856,10.6156,11.5310,12.2965,12.3874,4.0346,11.0287,4.6311,8.9383,5.0276,10.5426,13.5979,2.3789,11.4295,3.0710,8.6141,10.3889,8.0372,9.3540,2.8717,11.8161,10.2674,6.1742,10.0375,9.0343,7.3667,7.9020,9.6512,12.0461,7.7892,14.3227,10.3064,11.2706,7.0186,1.8815,8.5923,7.1508,3.8035,4.4997,9.2524,14.3870,1.8654,10.9837,3.3029,0.8189,8.5573,2.2982,5.3551,12.1464,9.1303,4.3908,7.7476,14.4011,6.3639,2.8070,3.7705,6.5123,2.3851,5.8358,3.9224,
5.4366,4.6331,7.1175,4.3546,8.0064,8.3966,5.3661,6.9678,4.5229,8.5322,7.8260,1.9382,8.9423,8.4551,0.5689,6.9808,2.7549,6.3849,1.4519,5.2504,6.8307,6.6331,7.1503,0.6288,3.5134,5.5549,1.8367,9.2528,0.0000,8.4561,2.3691,3.1940,7.0105,2.7741,4.1555,3.1113,6.5074,2.6317,6.0926,6.6234,5.8913,5.4227,2.5909,5.7387,6.9320,5.4622,6.6488,3.6929,4.7708,5.3066,5.9087,4.5405,5.0240,3.4860,7.0073,3.7735,4.3354,4.6515,8.9255,6.0677,7.0395,7.7824,3.5489,7.5665,3.3186,11.6270,8.6698,3.2257,7.8203,4.4845,5.8872,5.2989,3.9411,4.3575,4.3624,6.9622,1.7897,9.8945,1.3827,5.2110,1.5790,4.4662,7.8300,3.1466,10.7406,8.2017,1.9265,7.2857,1.2727,10.2229,6.4878,3.5748,5.8302,1.3704,1.0047,8.4821,5.0352,2.7328,4.6068,1.4965,5.0698,8.8843,2.0724,3.1196,7.4170,3.8043,3.4917,6.9640,7.2426,2.0805,5.1645,7.3884,2.9650,7.3570,8.5342,1.0478,7.0668,4.8777,3.4339,5.4914,8.7578,7.3033,5.1693,6.2612,10.3118,7.7123,3.8597,7.0238,5.9686,5.4359,
4.3225,3.8448,1.3986,4.9314,5.3394,7.4367,9.6009,1.5805,11.7898,5.2263,5.8025,9.0957,4.2912,5.1391,7.9458,4.1112,5.8430,2.1777,7.3756,3.5341,2.4847,3.7662,3.9349,7.9006,10.3701,8.6578,6.8729,2.9180,8.4561,0.0000,6.2148,11.0148,2.5949,6.1231,4.5420,11.1487,3.8547,7.5126,3.1570,4.1755,3.6665,5.3782,7.6320,4.8588,4.8263,3.1420,4.1317,10.3177,7.3857,3.2358,5.9213,11.1693,6.7939,5.0029,5.4595,11.2585,11.7880,7.3397,0.5084,6.0917,6.6858,3.0297,9.0216,8.9917,10.6853,3.2294,4.5891,9.4419,9.3910,8.6228,3.1904,8.4046,9.7908,10.5875,10.6994,5.7158,10.2212,2.0859,7.7331,3.3340,9.4258,12.3968,0.9898,11.1887,2.3305,10.3758,9.0914,9.6194,8.9497,1.8052,9.4724,8.4585,3.8116,9.5436,7.9400,4.4679,8.8047,9.6701,10.2043,6.9742,13.3628,7.4701,10.2590,7.1553,3.0818,6.6696,7.4825,1.5662,6.3246,9.1119,13.5667,2.6755,10.8104,1.1023,2.3260,7.5439,2.2592,3.6975,11.7468,6.7790,1.4990,4.9929,13.5576,7.7645,1.9176,1.0487,6.9192,3.5454,7.1334,3.2860,
3.1341,2.3737,4.8401,3.0469,5.8695,7.8430,5.0200,4.8117,6.5890,7.3131,5.7768,3.7228,7.4395,7.2215,1.8098,4.7004,0.3878,4.2663,1.1665,3.3770,4.9323,5.1067,5.6790,1.9569,4.4833,4.7024,0.6667,6.8861,2.3691,6.2148,0.0000,4.8607,5.1621,0.6422,2.4234,4.9550,5.0047,3.1023,3.7238,5.2289,3.5392,4.4782,1.9798,4.5782,4.7492,3.4395,5.2403,4.5195,4.8101,2.9987,5.1722,6.3570,4.7475,1.5701,6.0157,5.8897,6.4626,4.6875,6.7021,5.3851,5.2457,5.4257,3.5805,6.3837,5.3616,9.3289,7.2692,3.7102,6.7174,3.9166,3.5185,5.6997,5.3526,5.9906,6.0422,4.9443,4.1539,7.8246,2.3098,3.1607,3.7184,6.7553,5.5197,4.9947,8.4530,7.3488,3.7134,6.3893,2.7435,7.9425,7.0425,4.4219,4.2511,3.3304,2.2733,7.0702,4.3954,3.6859,5.9908,0.9196,7.4376,8.2544,4.3943,1.9722,5.0612,3.5686,2.5090,4.7994,5.3423,3.0333,7.5258,5.0210,4.6456,5.1333,6.1652,1.7678,4.7022,2.8913,5.5323,5.1522,6.7067,6.1397,7.5338,4.9000,8.0227,5.5728,2.4589,4.6911,4.4256,3.0837,
7.2177,7.2121,9.6202,7.4700,9.0941,11.5585,4.2474,9.6650,5.7545,11.7088,8.7389,4.4814,12.0617,11.6295,3.4461,8.5382,5.2060,9.1265,3.7023,8.1739,9.7551,9.7279,10.2666,3.8026,1.4114,5.0577,4.1946,11.1533,3.1940,11.0148,4.8607,0.0000,9.9671,4.8925,7.1246,0.4384,9.6082,5.7580,8.1867,9.7550,7.8281,8.6103,3.5262,8.9061,8.2307,8.2882,9.7773,1.6919,7.8738,7.7796,9.1018,6.2948,8.1844,6.3395,10.1985,5.0631,5.4407,7.7600,11.5128,9.2583,7.5802,9.6288,2.8554,7.0895,4.9339,14.0231,11.8145,2.1723,7.1903,4.0167,8.0412,8.2507,6.3444,6.4261,6.3653,7.9105,2.5636,12.6846,4.5570,8.0133,3.7790,4.8889,10.2388,0.4543,13.1746,7.1684,4.4718,6.4512,2.1590,12.6806,9.2952,6.4562,8.8972,1.8261,4.1781,11.6232,4.4294,1.5423,6.9320,4.3099,4.5075,12.0546,3.3494,4.1376,9.2754,6.9852,4.0843,9.6508,7.9385,1.9221,4.1438,9.3756,0.2298,9.9566,10.5583,4.2143,9.2384,7.7246,1.3510,8.6526,11.5672,10.4815,4.2193,6.2822,12.7462,10.4271,4.7164,8.7739,6.3156,7.7633,
4.7398,3.0829,2.3442,2.8248,6.8536,4.9745,9.6041,1.4762,9.6547,3.0573,7.1852,7.1778,2.5703,2.9572,6.5948,5.3555,4.8723,1.4105,6.2819,1.7938,0.2901,1.1719,1.4291,6.3940,9.6375,8.8779,5.8100,5.2584,7.0105,2.5949,5.1621,9.9671,0.0000,5.3436,2.8608,10.0050,1.2610,5.4465,3.8088,1.5842,4.2786,2.8558,6.9937,2.3130,5.9907,1.7753,1.5415,9.6565,4.9127,2.9217,3.3386,8.9324,4.2902,3.6293,2.9022,9.2097,9.7004,4.8827,2.7963,3.5017,7.6720,4.7588,8.5649,9.7724,8.6447,5.5480,2.6223,8.8171,10.1732,8.5131,3.6639,5.8891,7.5185,8.3159,8.4389,6.7987,8.6484,3.0398,5.9870,2.0582,7.6398,10.4320,2.8814,10.0435,4.6903,11.0763,7.1759,10.1994,7.8102,4.1983,6.9007,6.1807,1.3913,8.2801,6.2746,2.4400,8.8403,8.8473,7.8577,5.6676,11.5514,5.0874,8.5166,6.7019,4.6176,4.3897,7.1587,1.5263,7.4304,8.1925,11.8562,4.2185,9.7443,1.9653,4.5057,5.9877,3.5634,2.2754,10.4399,4.2256,1.9480,2.4924,11.8294,8.3414,4.3382,1.5565,6.7424,4.8439,7.6959,3.2885,
2.6632,2.3642,4.7278,3.4969,5.3026,8.3550,4.5326,4.8151,7.1366,7.6852,5.1830,4.2925,7.7235,7.5908,2.2056,4.2086,0.5792,4.3110,1.3796,3.6014,5.0941,5.4201,5.9994,2.4595,4.3316,4.1306,0.9375,6.5272,2.7741,6.1231,0.6422,4.8925,5.3436,0.0000,2.7697,5.0414,5.3286,3.7444,3.4025,5.5827,3.1445,4.9640,1.6508,5.0124,4.1978,3.5770,5.5895,4.3278,5.4242,2.8897,5.6838,6.9477,5.3326,1.9185,6.4618,6.4219,6.9944,5.3027,6.6224,5.9027,4.6108,5.0340,3.2393,5.7577,5.9079,9.1554,7.5887,3.4770,6.0969,3.4173,3.2228,6.3302,5.9770,6.6006,6.6476,4.3401,4.5173,7.8483,2.9140,3.2926,4.2253,7.2265,5.3557,5.0813,8.2958,6.7515,4.2826,5.7928,2.8792,7.7964,7.6754,5.0633,4.5684,3.5337,2.8393,7.3886,3.8668,3.5795,6.6197,1.4605,7.8226,8.7497,4.8409,1.4668,4.6682,4.1776,1.9932,4.7964,4.7188,2.9913,7.8617,4.6735,4.6902,5.0728,5.8424,2.3351,4.4266,3.0779,5.7010,5.7242,6.7534,6.5422,7.8779,4.2668,7.8663,5.5754,1.8550,4.2557,3.7849,2.8804,
3.5327,1.4463,3.3770,0.9055,6.3479,5.7394,7.2839,2.9701,7.2724,4.9162,6.4690,4.5550,5.0192,4.8222,3.7342,4.8603,2.2153,2.3686,3.4724,1.1003,2.6752,2.6834,3.2560,3.5450,6.8883,6.7724,3.0286,6.1616,4.1555,4.5420,2.4234,7.1246,2.8608,2.7697,0.0000,7.1495,2.5817,3.0107,3.3090,2.8171,3.4841,2.3545,4.3762,2.2867,5.2432,1.4020,2.8258,6.9365,3.5585,2.0296,3.1260,6.7141,3.1936,0.8593,3.7351,6.7209,7.2564,3.4641,4.9614,3.3574,6.4354,4.9940,5.9813,8.1212,6.1478,7.7713,4.8466,6.1335,8.4972,6.1667,3.0610,4.6217,5.3911,6.1710,6.2705,5.7994,5.8302,5.7628,3.2259,1.2205,4.9161,7.8562,4.1540,7.1879,6.8725,9.2711,4.5509,8.3291,4.9656,6.3472,5.9258,4.1079,1.8280,5.4200,3.4740,4.6475,6.5860,6.0775,5.8873,2.8158,8.8591,6.0894,5.7715,4.2307,4.6850,2.4616,4.7459,2.9792,6.3588,5.4002,9.1075,4.4484,6.8998,3.4571,5.3483,3.1462,3.8807,0.8557,7.5807,3.4567,4.6252,3.7775,9.0896,6.6058,6.4574,3.6639,4.4877,4.5699,6.0138,2.4310,
7.4466,7.3236,9.7595,7.4439,9.4119,11.4039,4.6747,9.7666,5.3560,11.6433,9.0707,4.2332,12.0383,11.5663,3.4286,8.8042,5.3139,9.2165,3.7887,8.2160,9.8018,9.7149,10.2437,3.7349,1.8401,5.4625,4.2891,11.3905,3.1113,11.1487,4.9550,0.4384,10.0050,5.0414,7.1495,0.0000,9.5923,5.6036,8.3826,9.7233,8.0426,8.5307,3.7662,8.8494,8.5224,8.3555,9.7474,2.1231,7.6962,7.9140,8.9923,5.9269,8.0358,6.3886,10.1104,4.6773,5.0383,7.5853,11.6426,9.1408,7.9359,9.8665,3.2313,7.5057,4.5749,14.1940,11.7757,2.5485,7.6133,4.4060,8.2274,8.0237,6.0410,6.0847,6.0183,8.2340,2.2524,12.7728,4.4394,8.0848,3.5189,4.4613,10.3971,0.0399,13.3370,7.6031,4.2241,6.8790,2.2141,12.8377,9.0312,6.2265,8.8949,1.7511,4.0647,11.5867,4.8336,1.8736,6.6127,4.3374,4.0711,11.9064,3.0182,4.3950,9.5096,6.8583,4.3843,9.7545,8.2841,2.1387,3.7184,9.5935,0.4575,10.0790,10.7766,4.1528,9.4295,7.7842,0.9296,8.5033,11.6486,10.4142,3.7916,6.6659,12.9076,10.5274,5.0073,9.0187,6.6763,7.9214,
5.3490,3.3777,3.4511,2.1529,7.7571,3.8752,9.7934,2.6037,8.6647,2.4001,8.0320,6.3672,2.4571,2.3009,6.1674,6.2247,4.7889,2.3152,6.0245,1.8317,1.3976,0.1376,0.6743,5.8787,9.4557,9.1895,5.5990,6.4484,6.5074,3.8547,5.0047,9.6082,1.2610,5.3286,2.5817,9.5923,0.0000,4.5867,4.6009,0.3762,5.0059,1.6783,6.9533,1.1244,6.8016,2.1263,0.3491,9.5118,3.7415,3.4788,2.0839,7.8852,3.1008,3.4394,1.7288,8.2782,8.7394,3.7255,4.0507,2.2416,8.3520,5.8044,8.5571,10.3119,7.7258,6.7643,2.2651,8.7145,10.7052,8.6798,4.4112,4.6764,6.4629,7.2522,7.3812,7.5464,8.0187,4.0907,5.3329,2.3437,6.9030,9.5378,4.0729,9.6293,5.9221,11.5553,6.3670,10.6416,7.4591,5.4397,5.6484,5.1415,0.7603,7.8425,5.6617,2.0658,9.0664,8.6388,6.7486,5.3180,10.7359,4.0656,7.7867,6.7726,5.6166,3.4004,7.2726,2.6496,8.1652,7.9520,11.0954,5.2430,9.3801,3.1475,5.6717,5.4601,4.5775,2.3719,9.9279,2.9925,3.0897,1.4513,11.0589,8.8293,5.5820,2.8122,6.9492,5.7591,8.1989,3.9108,
5.9046,4.2133,6.3875,2.6376,8.7736,5.8023,7.6765,5.9321,4.2772,6.2352,8.7566,1.7875,6.8541,6.1711,2.6510,7.4307,3.3037,5.3371,3.1963,3.9809,5.3565,4.7237,5.1388,2.1355,6.1365,7.6080,3.1436,9.1080,2.6317,7.5126,3.1023,5.7580,5.4465,3.7444,3.0107,5.6036,4.5867,0.0000,6.0759,4.5853,6.0993,3.1443,4.5957,3.5907,7.6340,4.3816,4.6215,6.3028,2.1391,4.9045,3.4549,3.7084,2.4323,2.8955,4.6324,3.7737,4.2851,2.0199,7.9035,3.5778,8.3337,7.8323,5.9436,9.4296,3.2043,10.7337,6.5045,5.7510,9.7440,6.6607,5.8295,2.7577,2.4370,3.1893,3.2796,7.9591,3.6355,8.4848,1.2649,4.2279,2.3867,4.9858,7.1647,5.6344,9.8368,10.2948,1.7883,9.3418,3.8895,9.3130,4.0459,1.3248,4.0787,3.9464,1.6315,6.3349,7.1934,5.3386,3.0079,2.4838,6.1493,6.3029,3.2567,4.8759,7.4944,1.3090,5.3820,5.9473,8.4024,4.6562,6.5188,7.3205,5.5339,6.4468,8.3054,1.8394,6.8101,3.8650,5.6934,2.8998,7.3734,5.0250,6.4787,7.9731,9.4296,6.5730,5.4914,7.2686,7.5220,5.2272,
1.1656,1.8927,1.8826,4.1444,3.1808,8.4370,6.4439,2.5032,10.1273,6.8387,3.4312,7.2569,6.3431,6.7372,5.5307,1.6420,3.3395,2.3994,4.7744,3.0085,3.5229,4.6076,5.0970,5.6547,7.3811,5.5130,4.2987,3.1663,6.0926,3.1570,3.7238,8.1867,3.8088,3.4025,3.3090,8.3826,4.6009,6.0759,0.0000,4.9721,0.5239,5.3548,4.6849,5.0453,2.2033,2.5572,4.9494,7.2977,6.8613,1.2976,6.1111,9.7312,6.4536,3.1804,6.2776,9.4770,10.0440,6.7700,3.6579,6.3376,3.8745,1.7640,5.9482,6.0547,8.9222,5.8644,6.4304,6.4249,6.4582,5.4746,0.2496,7.9282,8.5129,9.2549,9.3365,2.9901,7.8740,5.1845,5.7956,2.4470,7.3803,10.4352,2.2113,8.4222,5.0486,7.4044,7.2494,6.5847,6.2703,4.5844,9.2197,7.3072,4.0325,6.9351,5.8760,6.2487,5.6477,6.7452,9.0678,4.6234,11.1613,8.6616,8.1043,4.1369,1.4189,5.7608,4.3997,2.4577,3.6217,6.2650,11.2404,1.3020,8.0004,2.3851,2.4451,5.3946,1.0549,2.6608,9.0872,6.6551,4.2850,6.0516,11.2514,4.7101,4.6291,3.0780,3.8060,1.2666,4.0646,0.8783,
5.7038,3.7057,3.8202,2.2857,8.1314,3.4991,10.0728,2.9681,8.5795,2.1067,8.4034,6.3725,2.3206,2.0105,6.3091,6.5982,5.0323,2.6910,6.2153,2.1566,1.7483,0.4179,0.5536,5.9951,9.6515,9.4929,5.8050,6.8081,6.6234,4.1755,5.2289,9.7550,1.5842,5.5827,2.8171,9.7233,0.3762,4.5853,4.9721,0.0000,5.3721,1.5415,7.1924,1.0124,7.1714,2.4800,0.0472,9.7168,3.5683,3.8363,1.8224,7.7724,2.9180,3.6758,1.3559,8.2222,8.6680,3.5637,4.3466,1.9570,8.7091,6.1795,8.7976,10.6498,7.6776,7.0182,2.0638,8.9323,11.0416,8.9571,4.7801,4.4591,6.3505,7.1321,7.2641,7.9108,8.0848,4.2735,5.4064,2.6861,6.9348,9.4951,4.4304,9.7598,6.1899,11.8832,6.3730,10.9646,7.6161,5.7173,5.3762,5.0457,1.0495,7.9722,5.7471,1.8698,9.3544,8.8301,6.6032,5.4891,10.7236,3.6915,7.8170,7.0368,5.9927,3.3517,7.5437,3.0147,8.5279,8.1373,11.1041,5.6186,9.5261,3.5054,6.0357,5.5759,4.9531,2.6882,10.0271,2.7617,3.3225,1.0855,11.0638,9.1618,5.8617,3.1407,7.2395,6.1344,8.5345,4.2718,
0.6694,2.0379,2.4064,4.3573,2.8775,8.8061,5.9382,3.0120,10.0502,7.2858,3.0625,7.1708,6.8286,7.1841,5.3239,1.3770,3.1662,2.8688,4.5239,3.3341,3.9903,5.0218,5.5294,5.4933,6.9692,4.9950,4.0680,3.3857,5.8913,3.6665,3.5392,7.8281,4.2786,3.1445,3.4841,8.0426,5.0059,6.0993,0.5239,5.3721,0.0000,5.6442,4.3073,5.3720,1.8191,2.9141,5.3521,6.8738,7.0393,1.5764,6.4117,9.7035,6.6694,3.2256,6.6529,9.3796,9.9501,6.9421,4.1641,6.6412,3.3935,1.8917,5.5051,5.5432,8.8337,6.2848,6.9001,6.0055,5.9465,4.9851,0.6148,8.0970,8.5295,9.2528,9.3275,2.5430,7.6562,5.7042,5.7111,2.7658,7.2438,10.2908,2.7073,8.0820,5.4900,6.8875,7.1627,6.0630,5.9728,5.0398,9.4091,7.3650,4.3995,6.6530,5.7583,6.7155,5.1422,6.3605,9.1056,4.4552,10.9575,9.0504,7.9332,3.7324,1.5260,5.8957,3.9588,2.9675,3.1675,5.9117,11.0062,1.5515,7.6486,2.9087,2.7342,5.2647,1.4916,2.9293,8.7755,6.9001,4.8088,6.4564,11.0221,4.1880,5.0764,3.6003,3.3498,1.1783,3.5419,1.1256,
5.8070,3.6805,4.6962,1.4863,8.5157,3.4032,9.4881,3.9421,7.0407,3.1231,8.6973,4.9234,3.7193,3.0517,5.1952,6.9862,4.3852,3.4818,5.2836,2.3584,2.9035,1.8086,2.0796,4.8078,8.6790,9.0648,4.9491,7.7265,5.4227,5.3782,4.4782,8.6103,2.8558,4.9640,2.3545,8.5307,1.6783,3.1443,5.3548,1.5415,5.6442,0.0000,6.4468,0.5542,7.4556,2.8398,1.5851,8.7804,2.0662,4.0757,0.7776,6.2312,1.4348,3.0954,1.5951,6.6976,7.1343,2.0474,5.6355,1.0100,8.7643,6.8437,8.0285,10.4733,6.1595,8.4035,3.3603,8.0584,10.8474,8.3767,5.1245,3.0357,4.8092,5.5921,5.7235,8.0821,6.7382,5.7689,4.1121,2.9095,5.5274,7.9790,5.4134,8.5653,7.5452,11.6068,4.9251,10.6593,6.5288,7.0494,4.1147,3.5058,1.5789,6.7924,4.4768,3.1920,8.8304,7.8500,5.0738,4.5030,9.2359,3.7858,6.4008,6.4226,6.5926,1.8588,6.9547,3.9790,8.6621,7.1441,9.6424,6.2728,8.3806,4.5145,6.9175,4.3970,5.6262,2.7150,8.7458,1.4127,4.7572,1.8971,9.5971,8.9569,7.1873,4.3321,6.7709,6.6073,8.3679,4.5239,
3.6916,3.9830,6.2346,5.0265,5.7674,9.7866,3.1182,6.4086,7.0844,9.2849,5.4946,4.4964,9.3649,9.1924,2.1676,5.0440,2.1647,5.9292,1.4028,5.2499,6.7425,7.0494,7.6265,2.6641,2.7393,3.0391,1.5368,7.6290,2.5909,7.6320,1.9798,3.5262,6.9937,1.6508,4.3762,3.7662,6.9533,4.5957,4.6849,7.1924,4.3073,6.4468,0.0000,6.5580,4.8035,5.2248,7.2018,2.7048,6.5635,4.4395,7.1231,7.1305,6.5959,3.5170,7.9939,6.3258,6.8748,6.4385,8.1380,7.3304,4.5490,6.1045,1.6053,4.9914,5.8980,10.5444,9.2175,1.8392,5.2621,2.0669,4.5555,7.3402,6.4416,6.9234,6.9368,4.6310,3.9463,9.4379,3.4507,4.9403,4.1633,6.8576,6.7979,3.8048,9.7128,5.7246,4.4848,4.7823,1.9372,9.2311,8.6416,5.8164,6.1947,2.6421,3.2011,9.0178,2.5978,2.0606,7.1096,2.1389,7.1527,10.2106,4.5060,0.6490,5.7499,5.3666,0.9019,6.3862,4.8083,1.6286,7.0513,5.8517,3.3547,6.6199,7.0338,2.8042,5.7396,4.7285,4.5621,7.0253,8.3604,8.1179,7.0894,3.6715,9.2877,7.1628,1.3636,5.2534,3.4092,4.3464,
