0.0000,119.0965,169.6463,248.2964,161.4155,507.8132,295.5912,199.7214,543.8991,430.4597,164.8980,382.8129,409.2426,424.7636,272.5950,87.8305,155.9554,187.4354,225.6100,200.9438,249.1815,301.2723,331.1591,284.8058,354.1110,243.8870,201.6107,220.9657,304.4507,242.0623,175.5119,404.1908,265.4284,149.1373,197.8293,417.0094,299.5438,330.6568,65.2713,319.4124,37.4890,325.1946,206.7296,313.1443,97.8148,180.5383,318.5516,348.3966,393.9713,104.8167,368.6749,527.7669,376.2861,174.4884,388.3853,505.1868,537.2561,388.1283,270.0859,381.6669,168.4033,135.7580,271.2841,281.8371,475.3053,388.9028,411.3797,299.9563,304.3033,241.7372,65.5611,452.1078,465.2912,504.3326,508.0437,127.4234,401.7820,355.2646,301.8443,169.6605,383.6737,553.1644,188.8029,419.1987,344.7396,355.5037,382.3179,307.7425,303.5240,319.6646,526.7561,403.3341,262.7239,342.2643,302.2881,400.7587,251.0039,321.0611,498.8532,226.9357,586.9433,523.2390,419.9685,173.5069,115.6015,327.3399,184.8528,197.4050,160.1738,297.3386,587.9854,121.3380,394.4515,197.1321,187.3359,274.1422,120.9915,174.7331,459.3031,391.3724,303.4903,380.1251,589.1388,202.8872,321.6509,235.0937,150.4090,89.7601,166.5693,81.6422,
119.0965,0.0000,139.1918,130.3705,274.6303,390.3451,365.4475,137.5669,467.8452,323.2649,282.2410,309.0041,313.0769,317.6500,230.1339,191.2066,112.5454,109.0975,198.1612,86.7485,157.4865,192.2968,224.1072,229.8687,374.8747,327.1324,170.0336,274.7958,259.4539,215.3102,132.9248,403.8792,172.6451,132.3930,80.9912,410.1221,189.1523,235.9430,105.9925,207.5183,114.1233,206.1090,223.0470,195.0129,213.1930,74.1671,207.0692,374.2141,280.1302,39.7729,249.6057,442.3962,259.5960,74.8281,272.3182,433.3210,464.5776,274.7396,242.4433,262.6042,285.5699,203.1265,308.9311,389.1160,401.6580,391.6630,310.0814,326.0238,410.9536,304.1391,92.0136,339.4857,372.2356,414.4879,419.3674,246.5156,359.1782,307.2890,228.2449,59.2541,321.0599,491.2869,179.2923,412.3507,342.0849,457.9899,308.6452,406.7849,286.4695,313.1804,412.7950,303.6108,149.0279,319.1679,236.2707,298.9936,323.0634,332.7741,402.5665,175.8845,538.9302,407.0362,365.2463,203.6326,184.7385,216.9624,228.4545,136.6603,279.0292,298.9262,547.7112,174.0304,392.0904,154.5445,230.5034,211.6004,146.2358,57.5662,442.5711,273.3250,245.7993,267.2428,547.5872,305.5541,318.0481,180.2373,205.0987,175.8141,270.5530,57.1984,
169.6463,139.1918,0.0000,220.0633,257.2138,408.5569,463.9986,48.6277,596.0882,300.7071,278.6721,441.2908,262.3244,295.2245,369.3177,177.2766,249.9608,68.0156,335.7400,140.7228,117.8599,190.8098,210.9173,368.4809,502.5035,413.5263,307.6167,169.9238,398.5822,78.3228,271.0432,538.7323,131.2746,264.7546,189.1094,546.5317,193.2644,357.7018,105.4249,213.9324,134.7595,262.9881,349.1360,237.6597,215.8265,114.4644,211.9542,499.7146,367.7404,103.3977,299.8370,564.9069,337.7594,208.0562,289.8252,564.2351,594.6637,364.1420,106.5964,311.1141,316.8499,135.5113,427.7264,442.4589,532.2042,252.5777,271.8537,450.6908,465.0314,407.7328,104.3688,426.9764,489.8332,533.9156,539.6966,264.2800,498.1230,186.0087,362.7505,121.0633,457.0351,625.5818,43.5889,548.7672,202.9000,518.8054,440.9991,473.7411,423.6938,173.9989,492.6554,416.5483,175.8332,457.5379,372.8404,262.7507,419.4910,463.2020,515.8452,315.0736,676.5028,415.9687,502.5714,322.8361,129.2014,318.8308,341.8627,45.8417,299.5868,432.0291,686.3520,106.1243,527.3517,28.7813,125.1588,349.3951,70.9405,141.2749,580.7839,341.8154,134.6314,269.7630,686.0890,368.8661,178.8767,68.2896,311.0644,146.4359,332.8225,105.8689,
248.2964,130.3705,220.0633,0.0000,404.9101,273.7946,449.6076,188.1612,386.0385,241.0390,412.4339,243.7715,257.2975,236.1536,225.3765,320.8198,163.5421,155.9615,221.4905,79.6101,152.3727,127.6442,156.7847,208.6482,413.7879,424.5783,200.0139,383.6666,243.8559,276.1594,170.6252,418.3181,158.1866,195.8258,50.7107,416.8611,120.5600,147.7050,232.0870,127.9984,244.0104,83.2320,281.4827,85.7932,343.5358,105.7180,129.2127,418.1120,152.8935,159.4939,125.6413,349.4405,129.5393,90.1554,166.3726,359.0174,387.3593,148.2135,296.6157,138.4806,411.0243,323.4052,370.9322,503.7356,327.1463,455.3365,243.4916,375.4701,524.5582,387.1894,218.4130,212.8983,272.1627,316.7478,323.0063,375.3808,329.8123,327.8881,179.4818,102.1688,270.3011,426.4863,263.3327,418.9227,405.3316,566.7754,243.6662,513.6973,298.5189,376.1727,284.2847,197.7649,84.2973,318.8217,197.1746,232.6892,412.0632,367.5797,296.3870,179.8317,488.7339,294.7505,319.6176,277.8481,307.0945,98.7850,307.4449,189.3650,406.7977,328.5134,506.3326,292.1107,405.5036,218.6231,337.8170,185.2080,258.3392,84.9070,435.4816,143.1064,265.3352,173.9436,504.6976,418.7688,383.0169,221.6353,296.1444,303.0097,386.1339,183.3404,
161.4155,274.6303,257.2138,404.9101,0.0000,650.2471,328.6798,303.3361,696.5884,555.0096,31.1111,536.9701,519.5353,549.4030,417.2932,86.1878,311.4664,307.0399,367.0611,346.3094,368.5553,434.2136,459.9609,434.4503,443.1339,264.8983,347.7707,177.2844,448.3599,299.0054,328.6914,509.2702,383.8018,296.9440,355.4807,527.0685,434.3986,491.3232,178.1249,455.3592,161.1425,476.8797,322.9760,460.5113,63.8238,321.3267,453.9508,432.6445,553.8272,248.6484,519.6413,684.5482,534.2254,335.7305,529.2609,656.3784,688.3981,548.1710,320.3121,532.4208,105.5941,129.3478,353.8653,229.0733,627.7824,376.8508,528.3565,390.4059,249.1430,298.9536,190.3322,612.5223,624.8852,662.8057,666.1208,66.7669,539.4170,412.8552,457.7974,314.6496,532.9547,698.2155,247.0516,529.0747,347.4650,305.4721,536.4317,275.7755,430.6743,332.4479,686.6847,564.4101,403.8473,470.4111,455.6057,518.8963,290.6035,422.9368,659.0736,378.5268,722.4166,662.0702,564.0789,286.6992,129.0073,488.1541,281.8539,300.5111,79.4344,410.9884,717.8376,152.6025,502.1374,284.5466,179.0878,427.2767,186.2802,324.9720,575.2721,547.5147,380.1544,515.3332,719.9135,190.7283,330.2561,322.7732,248.0440,112.5931,168.4236,223.5495,
507.8132,390.3451,408.5569,273.7946,650.2471,0.0000,720.3230,360.1700,475.3096,136.5547,664.2213,410.3275,203.9781,139.4144,464.4859,564.1430,435.4455,346.6225,478.4161,307.1504,290.8429,218.3688,198.6594,438.6757,662.7483,698.1146,462.6691,572.6800,470.2112,416.4548,439.2087,647.2757,278.5722,467.8774,321.4086,638.6175,217.0109,324.9274,472.4732,195.9470,493.1413,190.5796,548.0520,195.4788,594.7865,329.9771,197.6376,670.1950,209.1920,405.3375,149.6413,419.9613,188.9930,363.9222,120.9914,472.3652,487.1089,214.9053,419.0848,137.6513,675.6998,541.8417,635.0626,776.0082,448.9238,549.3570,177.3859,633.1171,797.1849,658.3853,461.0152,212.0345,351.6410,384.6486,392.6747,633.9883,523.6008,382.5860,392.8377,338.8268,449.8916,544.4081,439.8164,640.3131,509.4863,840.3821,410.6673,787.4134,538.1952,487.2136,208.8183,302.0050,246.8355,545.4721,414.0840,178.6420,684.3719,616.7273,345.3369,433.8982,624.1900,29.7816,493.6380,549.0596,531.5397,257.5495,579.0077,362.8874,667.7609,577.3107,654.7851,510.5265,634.6702,388.6290,530.8905,417.6199,473.2673,333.3202,640.5062,162.7734,349.3187,139.0082,650.8040,691.2384,495.6630,362.3049,569.6590,538.9553,657.7176,430.4101,
295.5912,365.4475,463.9986,449.6076,328.6798,720.3230,0.0000,487.6281,531.4083,682.0435,301.3121,408.2606,678.1264,676.6336,285.6558,333.9858,286.0660,467.5060,251.3686,447.6382,522.3542,552.8804,585.3695,315.2735,158.8199,63.8750,260.5257,484.9056,300.5038,537.6523,281.1174,237.8564,537.8278,253.8235,407.8996,261.7825,548.4309,429.8849,360.8596,564.0745,332.5403,531.3351,174.6174,534.4698,302.0334,439.5275,564.2333,143.1921,542.0406,378.2181,570.7320,546.3952,543.8312,360.9205,615.6718,489.0675,516.3672,535.0382,565.6605,582.6844,225.9664,406.1321,102.3421,161.6073,471.5277,674.7275,673.4677,130.5692,165.1879,62.5642,359.8023,584.2107,521.0865,541.6182,540.8961,264.8886,341.4073,650.0069,362.7006,424.2192,380.4779,498.7985,484.1313,263.0217,634.3007,166.6966,407.6009,123.4451,237.1925,611.2278,655.9854,495.2255,506.0543,263.9727,346.0373,662.2775,44.5874,171.3268,558.2552,294.1421,488.9427,743.1645,383.0034,171.7634,390.4233,475.1380,142.2678,485.7117,251.1457,192.0622,469.9051,405.4226,237.4458,490.3989,465.1990,327.5102,414.6805,417.1504,313.5124,567.6565,595.5996,619.4328,474.0931,140.3462,612.2490,526.6202,160.3605,358.9737,160.8153,363.6686,
199.7214,137.5669,48.6277,188.1612,303.3361,360.1700,487.6281,0.0000,571.7204,252.6965,323.4160,421.3999,217.1743,247.1728,362.7544,221.1430,249.7105,33.6865,334.7617,109.4560,69.3418,142.9369,162.3093,358.0341,511.6412,440.9580,306.7689,215.4735,390.1947,88.5070,269.4537,541.2420,82.6660,269.6452,166.3270,546.9299,145.8072,332.2003,140.1773,166.2130,168.6707,220.7595,358.8800,193.7794,258.3710,87.8143,164.1518,510.3477,329.6680,111.3776,255.4937,537.2050,297.9672,195.2319,241.9530,542.1000,571.6697,326.6136,111.5638,266.2970,356.5789,183.8987,442.1347,479.0869,510.0054,269.1305,225.0216,461.7491,501.6737,428.9826,135.0462,387.9595,460.3063,504.8534,511.0387,305.4960,487.8902,169.8699,346.0383,99.5940,440.8754,606.2656,83.0440,549.1519,218.8248,554.2270,421.1706,507.3093,423.0195,189.4395,451.1762,385.8988,132.4455,454.3526,358.4363,215.5940,443.5643,470.0974,484.1547,308.4271,661.6149,367.3562,488.0876,336.2913,176.6067,286.1391,358.3051,2.8408,340.9789,436.4916,674.1109,153.9368,529.3630,32.0705,171.8102,337.2932,117.6726,119.6281,577.6712,299.8731,109.6384,221.2814,673.3995,402.3329,195.8709,42.6836,330.2658,191.3149,366.0255,123.9954,
543.8991,467.8452,596.0882,386.0385,696.5884,475.3096,531.4083,571.7204,0.0000,548.9790,688.8328,161.2774,597.5524,546.8667,282.1110,631.7291,387.9569,538.3711,332.8735,462.4326,537.1085,492.8855,510.7338,262.3010,387.9558,555.0229,349.2610,742.1397,253.2818,660.2270,368.9861,322.2523,540.6625,399.6512,407.2536,299.9358,485.2260,239.5223,567.1298,480.4536,562.8095,394.2769,396.7281,423.9580,634.5386,484.7313,482.8281,403.2295,289.1256,507.5297,393.3190,56.5787,324.3265,393.0997,459.4099,42.7622,18.8850,286.9589,682.0148,394.1205,647.4026,665.7136,430.9947,670.8695,68.8105,840.5770,573.9143,401.0494,683.0582,492.6610,553.9317,264.3421,127.9597,90.6642,82.6497,640.8660,190.3092,710.6161,242.9962,475.5983,165.2162,76.7535,639.4352,300.1178,790.3657,697.1380,161.7471,648.8840,298.2920,761.0419,281.2647,197.9659,462.8799,267.5515,241.7169,566.2035,522.7843,361.4047,130.3835,318.2695,158.2172,504.8910,148.6801,427.8163,645.8482,295.4610,447.1507,572.5594,658.1942,340.3963,195.3234,639.2883,315.2556,600.3916,698.2842,269.9909,613.9615,455.1695,265.6558,343.3420,649.5527,488.2842,189.8661,601.8861,767.5804,607.3452,469.3719,628.6275,587.1587,522.5174,
430.4597,323.2649,300.7071,241.0390,555.0096,136.5547,682.0435,252.6965,548.9790,0.0000,573.3416,447.3435,67.5741,5.6989,463.2912,470.9357,399.3002,248.9842,462.5283,236.9200,186.5792,130.9683,99.5651,443.0475,654.7626,648.9999,440.6859,454.2823,477.8016,292.6712,409.5323,655.6943,171.2078,430.3714,275.3078,652.0228,134.4072,349.1709,382.9646,117.9728,408.0031,174.8955,519.9547,157.1710,505.9308,251.5318,117.8266,659.1460,260.1745,325.8334,158.5599,497.8974,226.3193,323.2758,90.9834,536.2592,557.1818,262.9461,291.0158,155.5710,597.4863,436.1759,609.8322,710.4455,508.1331,413.7720,40.8730,616.1568,732.6043,619.5721,373.8273,291.5301,421.0201,461.2418,469.1731,550.1481,551.8133,246.7016,405.1451,264.7346,482.7865,609.2460,324.7053,653.9858,375.3512,780.8969,447.4957,729.9990,537.5681,354.4235,317.3102,355.2746,176.2411,554.3480,425.4763,43.6643,641.7270,608.4991,425.8315,420.5108,683.7075,129.8947,531.1282,511.9467,429.2873,275.9573,540.4021,255.5370,585.3190,569.3124,709.0464,406.6097,642.8274,276.4291,415.6474,419.7997,370.2994,267.2283,664.6558,205.6911,218.5049,68.8330,706.0757,627.9849,362.8748,243.9765,523.2360,442.4594,592.4401,348.9740,
164.8980,282.2410,278.6721,412.4339,31.1111,664.2213,301.3121,323.4160,688.8328,573.3416,0.0000,530.5618,540.4389,567.6949,407.7521,102.4791,307.6387,324.4692,357.0875,358.2046,386.7925,450.0772,476.9340,426.5838,421.1777,237.4372,339.5939,208.1543,438.2569,324.9425,323.5031,489.3758,402.3721,290.2453,362.2641,507.9599,449.7932,490.3721,192.1485,470.5881,171.5020,487.0490,307.6953,472.3293,69.6398,334.3077,469.3132,410.0849,558.8339,259.7734,530.2173,679.2505,540.9876,338.7193,543.4193,648.0126,679.9082,552.9573,347.1837,543.1137,76.1725,155.9297,332.1107,197.9626,620.1353,407.7483,548.0984,369.2927,218.0587,274.8009,203.2247,616.7882,622.1512,658.8833,661.8530,48.5776,526.6616,439.8492,452.8327,326.3837,524.2695,687.1742,271.8715,509.9172,377.7906,274.4122,530.0025,244.8395,416.0640,362.2055,691.5791,564.0839,417.3898,455.6427,449.2215,538.3754,264.5398,403.2973,657.0370,372.0151,708.1917,677.1674,553.2570,271.7712,152.9803,491.8483,264.1066,320.6219,50.2957,393.6863,702.1023,176.4140,482.7727,306.6314,208.1686,421.0120,207.9795,335.0828,557.0160,555.5108,404.8755,531.0156,704.4100,162.1063,360.2204,345.4558,231.6890,132.2956,142.4437,234.5340,
382.8129,309.0041,441.2908,243.7715,536.9701,410.3275,408.2606,421.3999,161.2774,447.3435,530.5618,0.0000,483.7663,443.9733,130.7860,470.6279,226.9618,387.7196,179.5549,314.0427,395.7320,364.2125,387.8510,105.8479,291.1206,419.4416,191.8438,582.1736,108.5404,509.3601,208.4741,250.9609,401.9573,240.3784,255.0797,237.0608,356.5608,100.1017,406.3891,356.8593,401.5674,275.7128,251.7962,301.1616,474.4157,333.5885,358.8729,303.5569,201.2644,348.7768,289.8115,149.7947,226.8114,234.8445,356.8430,124.4801,156.0924,195.8522,532.8707,295.2827,493.5755,504.8039,306.0837,531.2450,93.2567,690.1898,463.8248,284.7294,545.9219,359.6748,393.3326,212.6402,113.1630,135.9256,136.7381,483.0954,114.4494,571.4485,81.8650,322.7716,40.4041,184.8704,484.1083,238.4069,639.8568,567.8366,0.6602,516.4919,173.1242,610.4378,269.6908,112.1532,326.5780,158.8894,81.3923,454.4655,390.5138,252.0473,150.0823,158.5939,245.1772,439.4623,84.3986,278.5275,484.8518,171.9011,301.7468,421.9131,502.4466,219.7379,264.9735,478.8153,239.5273,448.3007,538.8160,109.7007,454.5280,302.3501,231.2572,251.9207,508.5208,380.2497,262.7911,456.2363,616.5069,459.6015,318.8892,467.3606,437.4667,362.5742,
409.2426,313.0769,262.3244,257.2975,519.5353,203.9781,678.1264,217.1743,597.5524,67.5741,540.4389,483.7663,0.0000,65.4250,482.6110,438.2857,403.3611,222.0556,474.7834,231.3839,160.1651,131.2214,100.5313,465.5690,666.7075,639.7072,450.5894,403.6864,500.7689,240.3058,416.6106,675.4533,143.9377,432.5186,281.0763,674.1440,137.5965,383.8286,355.2132,129.9513,382.3993,208.2804,524.4328,183.0936,475.4609,238.9215,128.4544,669.5203,309.1152,307.3749,204.4010,548.6838,273.3291,328.6918,140.6260,581.3688,604.3208,310.7871,234.3792,204.8777,572.1534,395.5060,613.8979,691.0771,551.9198,348.1243,27.6026,624.3031,713.5453,616.3475,348.0011,347.3739,470.1813,512.1239,519.8931,522.0915,582.2179,181.0693,432.5107,253.9962,516.6367,653.7528,279.3263,676.2008,311.4769,764.2077,483.8389,715.0185,555.2401,292.1061,379.8709,400.6430,178.8381,576.0921,451.7308,31.8905,636.0760,621.0971,478.6339,435.4053,725.3029,195.4728,565.8548,511.8723,391.2415,312.3714,538.8489,219.9418,557.5699,582.7703,748.2463,367.8761,662.6602,235.4120,368.0980,442.0960,333.2553,261.5704,691.4605,256.2460,160.4512,109.7657,745.7205,611.0504,300.5065,198.8226,517.8197,408.1869,574.9053,328.0818,
424.7636,317.6500,295.2245,236.1536,549.4030,139.4144,676.6336,247.1728,546.8667,5.6989,567.6949,443.9733,65.4250,0.0000,458.7562,465.2950,394.0615,243.3220,457.6407,231.3381,180.9459,125.3542,93.8934,438.6848,649.9204,643.4608,435.6866,449.2111,473.4833,287.7898,404.4063,651.2507,165.6030,425.0829,270.0446,647.7153,128.8529,345.5828,377.2838,112.5883,402.3089,170.8973,514.7744,152.5951,500.2620,245.8645,112.4008,654.2345,257.9001,320.1411,155.6753,496.0368,223.7563,318.0398,88.1593,533.7546,554.9070,260.5428,286.4464,153.0970,591.7878,430.7069,604.6592,704.7695,505.4788,410.3702,38.1563,611.1414,726.9316,614.1719,368.1360,290.2589,418.9205,459.3774,467.2917,544.4591,548.0207,243.3819,401.0651,259.0917,479.2251,606.7029,319.4424,649.6844,371.5847,775.2497,444.1189,724.3708,532.9752,350.4208,317.3612,352.6941,170.7592,549.9884,421.3360,39.7012,636.2677,603.6761,424.2046,415.7259,680.8936,133.7464,527.6590,506.6148,423.7519,272.4290,535.0337,250.0129,579.6274,564.5188,706.0154,401.0965,638.3847,271.0392,410.4364,415.4102,364.7563,261.6636,660.6477,203.5253,214.1509,64.6799,703.0844,622.3275,358.8749,238.7707,517.7634,436.8467,586.7747,343.2760,
272.5950,230.1339,369.3177,225.3765,417.2932,464.4859,285.6558,362.7544,282.1110,463.2912,407.7521,130.7860,482.6110,458.7562,0.0000,359.1314,123.0384,330.5299,50.8014,269.6999,358.5303,352.1757,382.0797,29.7064,198.2858,290.5804,71.0149,486.5581,31.8612,444.9628,101.3515,192.9813,369.3114,123.5116,209.1143,192.0016,345.3752,148.4557,309.7199,353.3119,298.1383,290.9307,121.3834,306.1635,356.7993,279.8335,354.5711,206.2508,266.7702,267.2464,321.2751,279.5936,276.9380,168.8416,380.2221,240.6430,272.3835,259.8866,471.5683,331.0195,365.5169,404.0561,185.9466,400.8741,213.9552,621.6501,468.6349,173.6051,416.0133,232.6306,298.3539,302.0172,239.5350,266.5476,267.5198,359.4934,131.2708,528.2531,78.3101,265.3268,116.9227,281.6056,408.6789,194.1076,572.1877,440.2481,130.1472,388.0894,74.7230,543.3129,371.6729,209.7680,306.1136,94.4755,60.4139,457.9195,263.3283,152.4538,276.9613,54.4273,315.5607,490.9668,147.7022,147.9444,383.5841,207.2060,171.0345,362.4202,376.0935,113.3473,320.1102,382.1846,180.1520,383.6027,446.5366,47.0098,364.6527,247.2711,215.9968,302.7838,464.7495,394.7085,320.5423,325.4634,548.1354,404.7903,188.7477,361.4754,307.3010,273.6665,
87.8305,191.2066,177.2766,320.8198,86.1878,564.1430,333.9858,221.1430,631.7291,470.9357,102.4791,470.6279,438.2857,465.2950,359.1314,0.0000,243.7844,222.1889,311.0481,260.2787,284.3647,348.5734,374.8914,372.2987,420.6961,273.8246,288.1393,152.2585,390.9257,230.2247,263.2211,478.1417,299.9094,235.6843,272.1765,493.0333,348.5831,416.1200,91.9501,369.4982,77.1100,391.2296,282.4633,374.4303,40.0504,235.1552,368.1324,412.7651,471.3105,163.0624,433.8235,615.1833,450.3485,256.6058,443.1680,592.9813,625.0548,465.8664,254.8231,446.5615,144.3411,72.6915,333.3226,274.3017,563.1340,341.8458,445.6529,366.2705,296.4552,290.3522,104.3367,530.5369,551.5771,591.2122,595.0832,89.8815,487.0339,346.8603,389.5666,228.6909,471.2485,640.3011,175.3546,495.1682,304.0795,352.1654,470.1346,312.5505,384.9709,283.6699,604.0016,487.8813,317.6680,424.3518,390.1119,435.9067,290.9996,392.7475,584.5555,314.5718,672.0687,576.2211,506.7701,246.9168,60.0929,407.1182,250.9509,218.3625,124.1167,373.5869,671.5687,80.8531,469.3587,205.6366,132.0274,361.9511,107.4725,239.5910,537.8266,462.8153,306.8208,429.6510,672.9913,211.9546,283.4359,244.8734,215.0858,31.7661,179.2896,138.1620,
155.9554,112.5454,249.9608,163.5421,311.4664,435.4455,286.0660,249.7105,387.9569,399.3002,307.6387,226.9618,403.3611,394.0615,123.0384,243.7844,0.0000,219.7575,85.8277,173.7431,259.4793,273.5402,305.8649,130.3313,266.9035,263.5016,57.6798,364.1905,154.2750,327.2076,21.7158,291.5357,272.8462,32.4351,124.0590,297.5810,268.1765,185.0047,187.0126,281.8114,177.3065,245.5687,121.2254,248.6254,248.2662,175.1098,282.2822,267.9886,273.6331,146.6892,285.8669,373.2015,267.2234,76.0247,329.7166,349.2947,381.3527,266.9009,354.6438,298.1414,281.8007,282.7400,211.0238,352.5174,319.3500,501.0195,394.9596,221.4790,371.9090,223.6684,175.4110,325.7024,314.5440,351.4994,354.6986,261.7947,254.2893,418.9279,146.5420,159.3091,228.5014,398.9835,287.6801,299.8102,452.0582,409.6299,226.4587,355.9917,174.0312,423.5399,401.2637,259.1932,225.6806,207.6484,146.3399,383.7728,248.9744,223.1030,349.6834,72.2272,438.0319,457.5633,267.2067,114.3064,262.3625,203.6658,143.9513,248.9312,285.6481,187.6675,443.1429,259.7327,279.6585,266.9168,323.6501,118.2463,241.6197,145.4247,330.8254,288.7883,356.6580,334.7579,443.5772,268.4096,427.9617,292.3846,135.6288,242.2028,239.9492,151.0034,
187.4354,109.0975,68.0156,155.9615,307.0399,346.6225,467.5060,33.6865,538.3711,248.9842,324.4692,387.7196,222.0556,243.3220,330.5299,222.1889,219.7575,0.0000,304.0695,76.6154,62.9204,128.4123,152.9295,325.0913,483.9536,423.6094,276.2445,237.7883,357.5530,121.9525,238.9149,511.0825,78.9868,241.4142,132.6432,516.1216,129.6511,298.8792,134.3678,150.6948,160.6522,194.9801,332.0344,169.9839,256.9707,54.1312,148.9851,483.2917,300.6046,89.3521,232.2213,504.3708,270.0581,162.3766,226.3480,508.5342,538.1779,297.2178,145.2404,243.6898,350.6697,195.4672,417.0473,469.1663,476.4372,302.7147,225.8329,435.0267,491.6666,407.6694,126.2216,359.5523,427.8410,472.3004,478.3954,301.8135,454.8377,199.2612,312.4318,66.1799,407.2633,572.5869,109.3006,518.3364,252.3938,542.8536,387.4894,494.4508,392.1369,222.9923,424.7000,353.6760,108.1907,422.7300,324.9934,215.5909,423.9280,441.6321,452.3167,276.3337,628.0274,356.3135,454.5672,311.3231,184.9699,254.4434,334.7098,34.2542,337.1613,407.2252,640.7298,163.9616,499.0670,62.6805,192.6976,304.1382,126.6927,86.0406,545.8998,273.8038,136.9658,209.2718,639.9755,389.9433,229.3323,74.3336,308.4204,194.5256,353.6797,107.1045,
225.6100,198.1612,335.7400,221.4905,367.0611,478.4161,251.3686,334.7617,332.8735,462.5283,357.0875,179.5549,474.7834,457.6407,50.8014,311.0481,85.8277,304.0695,0.0000,251.3668,339.4801,343.5738,374.9544,73.9610,192.4404,248.4051,28.1521,442.7711,81.3081,413.0340,65.3251,207.3300,351.7857,77.2561,194.4572,212.1682,337.3715,178.9901,267.3650,348.0579,253.3405,295.8801,78.5586,306.3344,307.0980,256.8396,348.9705,196.6589,291.2023,232.4004,330.8837,329.1178,295.5291,148.6524,384.5347,291.4443,323.1795,284.2007,440.4433,341.8113,314.9855,359.1206,157.6813,355.2269,264.6218,586.3448,463.4222,155.4441,371.3508,194.0229,256.8842,333.0191,284.9322,314.4528,315.8714,308.7787,176.1865,503.3055,115.0748,241.4161,167.7123,331.2655,373.0285,214.3903,537.5768,398.9157,178.9342,345.9472,88.3212,509.1611,405.5318,247.2501,296.0264,122.2251,102.5437,452.4100,223.9823,146.4491,322.1909,44.5441,361.3476,503.3816,197.1280,99.6606,338.6369,225.8294,125.2450,334.0881,325.3207,108.0166,363.0116,338.8838,195.1523,352.6597,404.1794,78.7460,324.0821,225.4541,245.1138,320.3443,440.5492,395.1253,363.9516,277.6474,513.4802,377.3711,139.3905,315.1458,257.9311,235.3487,
200.9438,86.7485,140.7228,79.6101,346.3094,307.1504,447.6382,109.4560,462.4326,236.9200,358.2046,314.0427,231.3839,231.3381,269.6999,260.2787,173.7431,76.6154,251.3668,0.0000,88.8627,106.0975,138.3066,260.0149,440.0913,412.3183,225.0950,306.5551,294.0241,197.9098,189.1097,457.7404,100.4524,201.6807,61.6194,460.0979,102.5776,222.9283,168.4760,120.7721,186.7094,132.0702,293.9940,114.2404,288.5798,27.6717,120.3245,441.6344,228.2018,98.4840,173.8735,427.8153,200.1552,102.7884,187.4428,433.4026,462.6783,224.2592,219.7454,186.4890,369.2358,251.8298,383.0176,475.7122,401.3342,378.1612,225.8369,395.2003,497.6088,385.5477,155.9790,287.9263,351.2315,395.6850,401.7857,326.8438,388.1055,261.1319,241.6147,31.8251,335.9555,498.6499,183.8325,462.2671,327.9342,544.7222,313.8503,493.4097,336.9928,298.6110,356.1730,277.1399,62.4310,363.8728,256.0023,214.6525,406.2960,395.5044,375.9647,217.2253,556.6150,322.3065,384.2068,280.4891,237.2912,178.3542,307.5766,110.4552,360.6535,358.5507,571.1932,219.9484,445.2766,139.2801,260.7390,237.7833,184.3716,30.5316,485.4937,207.7192,197.4389,180.6787,570.1002,392.2884,305.1917,145.6760,287.7205,238.1385,357.2049,123.6989,
249.1815,157.4865,117.8599,152.3727,368.5553,290.8429,522.3542,69.3418,537.1085,186.5792,386.7925,395.7320,160.1651,180.9459,358.5303,284.3647,259.4793,62.9204,339.4801,88.8627,0.0000,74.5033,93.1512,348.2550,526.3792,481.2865,312.7641,283.4510,382.5167,139.1420,276.2063,546.2848,16.2469,285.2680,149.8096,548.9032,78.2643,299.9658,197.2824,97.9071,223.4548,162.5938,377.5792,133.0596,319.6807,85.0009,95.7037,527.1707,276.5982,147.4976,192.5803,497.8960,242.5035,191.2966,173.1537,511.1612,539.1206,274.5230,153.0882,202.4051,413.4882,252.4888,465.2141,531.0082,479.3658,309.5597,162.9554,479.9297,553.4553,461.4048,189.0370,332.5191,419.0771,463.8062,470.5441,364.7293,475.4300,175.7298,327.1952,100.9248,420.4750,578.8567,150.2509,551.0757,260.7522,604.0474,395.6030,554.9879,425.6484,232.5876,391.3212,344.0605,76.6521,452.7338,342.7174,152.6756,479.4687,482.3962,439.2750,306.0622,640.2213,298.1733,469.3475,360.5926,244.0130,243.3965,385.8984,72.0773,400.0814,446.0514,656.4736,221.9104,533.8691,98.4959,240.5558,325.7398,185.0119,114.2966,574.2346,240.6167,112.9634,151.9398,655.1152,450.9056,240.1882,80.4171,362.1783,255.9695,414.7467,167.9192,
301.2723,192.2968,190.8098,127.6442,434.2136,218.3688,552.8804,142.9369,492.8855,130.9683,450.0772,364.2125,131.2214,125.3542,352.1757,348.5734,273.5402,128.4123,343.5738,106.0975,74.5033,0.0000,32.5180,336.2549,535.5946,518.4032,319.5355,357.8742,371.4538,210.9089,285.9749,544.7611,65.6254,303.5256,150.2701,544.0352,7.7075,264.5297,258.0233,23.4039,281.2212,101.2802,394.7657,70.3009,381.3715,121.1345,21.2336,538.5932,216.6829,196.4599,122.6988,449.1426,180.6962,198.1849,99.0364,471.2833,497.0900,215.8742,221.2075,131.1331,469.2275,323.4729,484.5229,579.9847,440.3541,372.3931,121.4501,493.7464,602.0656,490.5842,247.6805,268.6273,369.4897,413.6605,420.8983,423.5948,456.4399,221.8031,306.0136,133.8844,394.1346,541.8267,224.7114,546.1159,325.4547,650.0232,364.2003,599.0419,424.3231,298.6179,322.2681,295.5423,47.9212,446.0791,324.3496,110.2521,511.9549,489.9197,385.3250,304.2948,608.8885,228.0675,443.6204,384.1292,313.3785,198.1201,411.9611,145.5629,458.3777,451.5526,628.9704,292.1893,531.9981,172.9147,314.6882,312.8296,254.9417,136.5339,563.1131,174.1019,166.2369,81.1256,626.9358,497.2129,306.6285,152.7648,393.3653,322.0882,461.7840,220.3755,
331.1591,224.1072,210.9173,156.7847,459.9609,198.6594,585.3695,162.3093,510.7338,99.5651,476.9340,387.8510,100.5313,93.8934,382.0797,374.8914,305.8649,152.9295,374.9544,138.3066,93.1512,32.5180,0.0000,365.2057,567.1754,550.6050,351.2538,374.0716,400.4151,220.3538,318.0257,574.9319,80.0288,335.9665,182.3349,573.6449,37.7615,287.7725,285.4299,31.0027,309.6443,116.4595,427.0837,87.4874,408.7651,151.9737,28.9940,570.3817,228.1608,226.4271,127.1380,464.9815,191.5932,230.3520,85.7774,491.1514,515.9128,228.3042,226.7337,132.8242,498.5953,345.6104,516.8764,610.8823,460.7395,371.5426,89.1051,525.7717,633.0393,523.0863,275.7082,275.8920,385.4282,428.9752,436.4351,452.0157,483.2622,213.7258,333.1117,165.3221,419.2222,562.5524,241.1573,575.7054,326.5044,681.4198,387.8780,630.6558,454.7800,301.0625,323.4190,312.7763,80.1870,475.6013,351.9963,77.9336,544.3832,521.3801,398.6603,335.1032,631.5116,205.0519,468.6400,416.6369,336.7953,218.5869,444.4790,165.0807,487.0195,482.8484,652.8213,314.9049,562.1360,190.0559,332.2715,341.7371,277.8836,168.8034,591.4627,180.7392,164.2182,59.8275,650.5734,528.4574,309.3162,164.3822,425.7905,347.4542,492.8851,249.8211,
284.8058,229.8687,368.4809,208.6482,434.4503,438.6757,315.2735,358.0341,262.3010,443.0475,426.5838,105.8479,465.5690,438.6848,29.7064,372.2987,130.3313,325.0913,73.9610,260.0149,348.2550,336.2549,365.2057,0.0000,225.0107,319.0591,86.9918,493.9718,35.2122,442.4353,109.5886,212.9451,358.0657,137.7320,198.5184,209.1570,329.2067,119.5879,316.6606,335.7241,307.6246,269.2361,149.1890,286.4237,372.8028,272.8018,337.1418,233.7451,238.6262,268.4240,297.4925,255.6130,250.3368,162.8033,358.1941,221.9424,253.9835,231.7974,468.3295,306.7418,387.8266,413.0380,215.6485,428.1965,193.5603,621.0179,450.3927,202.6940,443.7724,261.7571,304.5786,272.6152,211.6765,240.4939,241.9270,378.7296,129.9680,520.6057,48.9574,259.0859,99.0040,268.7193,409.1583,211.1572,571.1521,469.0376,105.2379,416.6540,99.5963,542.0182,342.0033,180.0715,291.3864,111.3037,30.7671,439.8625,292.3786,179.7654,249.0486,58.1384,309.6793,465.5848,137.2000,173.4756,392.6773,181.1275,198.0373,357.9307,397.1146,141.2318,317.8931,389.5453,200.0855,380.7500,452.6475,23.4733,369.5274,240.0458,227.2722,276.3677,456.9068,374.2530,317.7219,351.4674,547.2116,399.3765,213.3354,372.2874,331.8352,277.4620,
354.1110,374.8747,502.5035,413.7879,443.1339,662.7483,158.8199,511.6412,387.9558,654.7626,421.1777,291.1206,666.7075,649.9204,198.2858,420.6961,266.9035,483.9536,192.4404,440.0913,526.3792,535.5946,567.1754,225.0107,0.0000,205.7652,216.1438,570.7924,196.7505,580.7267,251.0650,79.0373,539.6992,242.5711,385.7453,103.0448,529.5198,343.6466,413.3397,540.4823,390.2767,486.0215,153.4020,498.1653,399.3182,441.8483,541.3776,16.0235,463.2936,401.8613,518.5136,411.6754,475.0978,338.6574,575.2046,347.1269,371.3837,456.5254,609.0858,528.6314,353.0352,485.9782,89.2736,318.3513,334.9373,741.7033,655.7876,54.4921,323.6715,149.9935,407.0023,493.0980,402.2224,413.7992,411.5162,376.3851,199.6793,681.4538,272.9399,425.9823,255.6219,346.5524,533.4497,104.2362,695.8666,322.9615,290.5013,282.2376,125.8368,669.2883,557.7445,394.9977,487.8695,132.3806,252.2970,644.7539,170.7767,46.4239,437.5367,234.4287,330.7691,689.0975,244.1230,181.6791,466.9383,405.4723,170.3697,510.4714,374.5057,85.9744,311.0853,475.2915,79.2787,524.0746,540.8617,245.2364,472.2962,412.2832,154.6925,501.0107,620.6030,587.0678,315.2895,276.7208,672.2019,554.0377,206.1029,437.3393,281.9301,396.7131,
243.8870,327.1324,413.5263,424.5783,264.8983,698.1146,63.8750,440.9580,555.0229,648.9999,237.4372,419.4416,639.7072,643.4608,290.5804,273.8246,263.5016,423.6094,248.4051,412.3183,481.2865,518.4032,550.6050,319.0591,205.7652,0.0000,250.6310,423.4749,311.0772,484.8341,263.3340,283.2332,497.1652,231.3123,379.2550,305.8998,514.6126,426.0506,308.7282,531.6031,279.7202,507.6270,170.1909,507.2691,240.3355,401.0280,531.4967,191.4746,531.6629,334.5362,548.8322,563.9201,529.1836,334.4650,588.4212,512.2757,541.3304,524.7245,512.4316,561.2641,162.1675,346.3977,128.4102,117.0579,491.5824,615.5275,637.2076,164.9319,128.0357,62.7484,309.2624,578.3981,530.0576,555.0974,555.2910,201.5725,368.1669,599.0514,363.3723,386.3838,396.5477,530.1720,430.4043,307.4240,576.3562,150.5465,418.7855,97.6258,256.7311,554.1634,652.2635,495.6237,472.9168,289.4902,349.3414,626.1100,35.2174,206.0941,567.4871,287.0664,528.7894,719.2981,406.6806,154.1751,331.5708,462.7160,124.8782,438.8531,187.2765,216.3208,513.2309,347.8313,280.5494,440.8321,405.6904,327.1052,359.9290,381.8728,357.9219,551.6183,546.9873,589.1284,516.9243,76.9636,554.7758,478.2628,128.4580,300.1900,97.5582,317.4254,
201.6107,170.0336,307.6167,200.0139,347.7707,462.6691,260.5257,306.7689,349.2610,440.6859,339.5939,191.8438,450.5894,435.6866,71.0149,288.1393,57.6798,276.2445,28.1521,225.0950,312.7641,319.5355,351.2538,86.9918,216.1438,250.6310,0.0000,416.8395,102.8540,384.8831,37.3362,234.8996,325.3618,52.4976,169.6039,240.1904,313.5461,176.0405,240.7264,325.0787,227.8102,277.1519,86.0617,285.5704,286.5839,229.5924,325.8711,219.1425,282.3137,204.2978,313.9199,341.4808,283.3349,122.7918,364.9422,308.6825,340.6713,275.3278,412.2923,325.3096,302.1854,333.7388,172.6364,352.4428,280.5430,558.3856,440.0632,175.4906,369.7441,200.5911,229.9309,327.7744,291.8239,324.2056,326.2702,291.7503,200.9351,475.5038,119.2743,214.0592,185.1855,352.3535,345.0507,242.4153,509.5506,400.8392,191.2595,347.3420,116.4359,481.0985,401.7229,247.5769,271.7593,150.1502,111.2924,428.9839,229.3472,170.8203,328.6153,37.2938,385.8886,486.8306,218.6377,97.0267,313.2515,214.6860,125.7557,306.0706,310.6058,133.4570,388.8767,312.6836,222.8308,324.5167,377.6439,84.0611,296.9316,198.5423,273.1955,307.3555,412.8661,373.9553,389.6224,272.0766,485.4534,349.3993,132.5589,290.6482,249.3219,207.6196,
220.9657,274.7958,169.9238,383.6666,177.2844,572.6800,484.9056,215.4735,742.1397,454.2823,208.1543,582.1736,403.6864,449.2111,486.5581,152.2585,364.1905,237.7883,442.7711,306.5551,283.4510,357.8742,374.0716,493.9718,570.7924,423.4749,416.8395,0.0000,518.1588,163.4086,385.6188,624.5864,294.4712,365.5236,345.0502,637.8690,361.1126,510.0455,177.3112,381.2553,189.5967,432.6864,427.2265,407.5819,183.1422,279.0661,379.1029,563.5403,534.7446,235.5144,469.7460,717.0881,506.1490,349.5918,456.5717,706.6488,738.2119,530.7144,173.7576,480.9591,277.2217,85.3748,484.4391,405.3834,675.2886,199.5952,419.7655,516.3015,425.9479,442.5979,189.5925,594.4746,645.7362,688.6067,693.6945,225.9375,617.6082,259.3413,500.5472,281.5434,590.3834,761.4800,133.2182,640.0519,171.9747,482.3914,581.7763,450.0814,523.8227,160.8170,661.7010,574.9754,345.7565,562.0976,505.9201,412.5333,442.5136,540.4673,674.5791,436.1924,802.0686,577.1596,631.1509,393.0441,105.3644,481.1686,400.4463,212.9943,251.9838,518.1340,805.6699,104.4602,615.0871,184.9643,45.8582,479.2073,128.6986,299.8835,680.1969,511.2944,245.8864,433.8654,806.4595,356.3789,157.1924,211.1486,364.6908,133.5644,326.8044,219.6523,
304.4507,259.4539,398.5822,243.8559,448.3599,470.2112,300.5038,390.1947,253.2818,477.8016,438.2569,108.5404,500.7689,473.4833,31.8612,390.9257,154.2750,357.5530,81.3081,294.0241,382.5167,371.4538,400.4151,35.2122,196.7505,311.0772,102.8540,518.1588,0.0000,473.5435,132.6670,178.8614,392.5890,155.3510,232.7073,174.2349,364.4128,147.3760,341.1865,370.9100,329.9149,303.6689,145.0925,321.3672,388.1909,305.8810,372.3355,206.8027,267.1628,297.1676,330.8846,254.2700,281.3449,195.2177,392.4068,211.3188,242.7829,260.4853,499.8277,339.7921,394.2102,435.8167,198.7393,423.7260,185.8420,651.1141,485.5063,180.6399,437.9371,251.1343,329.6846,296.7371,220.7009,244.0204,244.2950,389.8805,100.2234,554.0905,77.4308,291.8187,88.4249,250.1055,438.4808,176.2116,601.4733,459.2968,107.8816,407.9990,71.2728,572.4807,363.3142,200.1863,326.4911,76.7404,56.2641,474.9970,281.9734,153.0392,257.9786,83.8015,283.9105,497.5221,116.0538,174.6998,415.3502,213.0412,195.5352,389.9815,405.5860,116.5098,289.2099,413.7499,166.0375,411.9927,477.9165,58.6780,395.7411,273.1536,192.2987,307.5187,490.4382,408.9822,289.4833,350.6290,577.4587,431.8866,216.1459,393.3305,334.2429,304.4110,
242.0623,215.3102,78.3228,276.1594,299.0054,416.4548,537.6523,88.5070,660.2270,292.6712,324.9425,509.3601,240.3058,287.7898,444.9628,230.2247,327.2076,121.9525,413.0340,197.9098,139.1420,210.9089,220.3538,442.4353,580.7267,484.8341,384.8831,163.4086,473.5435,0.0000,348.0272,616.8314,145.3123,342.8944,254.3508,624.3300,215.8657,420.7074,176.7927,233.8265,205.3257,301.1805,427.3898,272.0915,270.2701,175.9520,231.3743,577.7887,413.6017,181.2042,331.5914,625.4827,380.4595,280.1634,305.7318,630.4764,660.1264,411.0240,28.4683,341.1332,374.4063,169.6636,505.2086,503.5376,598.3786,180.8444,256.9892,528.7453,525.8939,482.8778,178.6609,470.6563,548.2833,592.8984,599.1638,320.0870,572.3861,116.8129,433.0514,186.7057,527.8446,694.2198,55.4281,626.5644,130.5097,581.0429,509.1177,538.6839,501.1842,101.0925,530.4570,473.6780,213.4520,534.4423,444.6397,250.2028,493.0652,541.5245,571.4426,390.5560,748.3174,418.3246,574.5062,400.6964,172.5792,373.4985,419.0221,87.7077,354.1760,510.2638,759.7372,149.8287,605.3850,61.7286,130.2537,422.4578,126.5150,207.0610,657.8188,379.6229,83.9435,279.6005,759.2250,434.8145,107.3831,58.7254,387.4738,198.5417,399.4732,184.0157,
175.5119,132.9248,271.0432,170.6252,328.6914,439.2087,281.1174,269.4537,368.9861,409.5323,323.5031,208.4741,416.6106,404.4063,101.3515,263.2211,21.7158,238.9149,65.3251,189.1097,276.2063,285.9749,318.0257,109.5886,251.0650,263.3340,37.3362,385.6188,132.6670,348.0272,0.0000,272.1977,289.0794,35.9606,135.7091,277.4824,280.2643,173.7289,208.5344,292.8180,198.1931,250.7809,110.8705,256.3816,265.9559,192.6126,293.4567,253.0921,269.3666,167.9247,289.6410,355.9943,265.8581,87.9245,336.8765,329.8246,361.9068,262.5024,375.3202,301.5672,293.7592,303.8410,200.5061,357.4896,300.2497,522.4203,407.0743,207.7718,376.1734,219.3293,197.0336,319.1833,299.7482,335.4752,338.3611,276.8824,232.6159,438.1756,129.3509,176.9995,208.2279,378.2995,309.1018,279.7056,473.3662,411.5317,207.9493,357.8026,153.6372,444.7789,394.3810,247.6266,238.0626,186.4998,127.3062,395.9331,246.1399,206.4079,335.4863,51.4994,416.5040,462.2485,246.0819,110.4410,283.4277,199.8436,140.5022,268.7692,299.1671,169.8671,421.4441,281.1748,260.1534,287.4645,345.2533,98.9992,263.3231,161.9105,309.8116,288.5236,375.5738,343.8231,421.8937,274.4017,449.2724,312.0761,137.6959,262.7002,247.8356,172.6869,
404.1908,403.8792,538.7323,418.3181,509.2702,647.2757,237.8564,541.2420,322.2523,655.6943,489.3758,250.9609,675.4533,651.2507,192.9813,478.1417,291.5357,511.0825,207.3300,457.7404,546.2848,544.7611,574.9319,212.9451,79.0373,283.2332,234.8996,624.5864,178.8614,616.8314,272.1977,0.0000,558.1603,273.9802,398.9797,24.5492,538.0593,322.4479,458.4544,546.2820,438.3720,482.1773,197.4652,498.7435,460.9173,464.1394,547.5274,94.7485,440.9301,435.6601,509.7002,352.5091,458.3238,355.0096,571.1176,283.5341,304.6788,434.5618,644.7171,518.4671,424.4906,539.2154,159.9050,397.0101,276.2970,785.2960,661.6143,121.6505,402.6555,224.9379,450.3044,462.0375,355.2881,359.8615,356.4564,442.9895,143.5621,710.3384,255.1934,448.7434,211.6236,273.7761,573.3755,25.4410,737.7767,401.4293,250.4185,361.2650,120.9063,710.1132,520.5309,361.5473,498.2436,102.2595,233.9750,650.9005,248.0463,86.3706,388.1935,241.3564,252.4204,675.0569,187.5661,231.7072,519.4217,391.1738,228.7204,540.4431,444.5544,107.6400,232.0508,525.0363,12.8675,557.5678,591.2641,235.9990,517.3485,432.5769,75.6573,484.5473,647.7653,586.9638,236.2804,351.8022,713.7869,583.9188,264.1169,491.3410,353.6748,434.7436,
265.4284,172.6451,131.2746,158.1866,383.8018,278.5722,537.8278,82.6660,540.6625,171.2078,402.3721,401.9573,143.9377,165.6030,369.3114,299.9094,272.8462,78.9868,351.7857,100.4524,16.2469,65.6254,80.0288,358.0657,539.6992,497.1652,325.3618,294.4712,392.5890,145.3123,289.0794,558.1603,0.0000,299.2407,160.2064,560.2776,70.6143,305.0051,213.2905,88.7164,239.6009,159.9272,391.6454,129.5269,335.4818,99.4143,86.3250,540.7636,275.1098,163.6152,186.9608,500.2120,240.2524,203.2407,162.5224,515.7430,543.2226,273.4321,156.5926,196.0927,429.6321,266.4934,479.6329,547.2547,484.1009,310.6900,146.8465,493.7558,569.7012,476.7353,205.1761,329.7897,421.0351,465.6902,472.5764,380.7298,484.3096,170.2312,335.2715,115.2614,427.8302,584.1920,161.3574,562.4386,262.6596,620.2703,401.8527,571.1667,437.3708,235.1073,386.4391,346.1204,77.9108,463.6855,351.3772,136.6386,495.0585,495.4476,440.0316,317.3875,646.8809,284.8943,476.9277,375.3045,258.5853,245.8230,400.8872,85.4736,416.1029,458.7815,663.9453,236.2375,545.6783,110.0594,252.3200,335.3136,199.5486,127.4234,584.6365,236.6330,109.0889,139.5760,662.4477,467.1195,242.9405,87.1656,377.5743,271.2564,430.9682,184.1550,
149.1373,132.3930,264.7546,195.8258,296.9440,467.8774,253.8235,269.6452,399.6512,430.3714,290.2453,240.3784,432.5186,425.0829,123.5116,235.6843,32.4351,241.4142,77.2561,201.6807,285.2680,303.5256,335.9665,137.7320,242.5711,231.3123,52.4976,365.5236,155.3510,342.8944,35.9606,273.9802,299.2407,0.0000,155.1033,282.3190,298.4005,209.6838,190.5377,312.6322,176.0901,277.9859,92.4438,280.6918,235.0751,200.3138,313.0131,242.3560,303.7573,161.8258,318.2915,389.0730,298.6253,107.4378,361.8597,359.6271,391.6847,296.9491,370.8555,330.5510,258.2021,281.9066,181.3992,322.4327,330.8428,512.7037,424.9647,194.7114,341.4254,191.3691,180.4775,354.4910,334.7128,369.6311,372.2683,243.0478,252.9692,439.5034,163.1858,184.3861,236.6180,404.6837,299.9175,284.5549,464.5668,378.0866,239.8253,324.3959,161.2349,436.5977,429.8243,283.5461,255.8293,197.8853,159.0021,413.7604,216.5411,200.4544,370.7022,81.7876,438.0662,489.9847,271.0886,82.1398,261.4198,233.9472,111.6192,268.5992,264.2518,167.5109,440.2549,261.7150,262.6517,284.0776,327.1716,130.7681,247.8886,172.3609,319.2583,320.5567,378.1922,366.3654,441.1623,238.9434,440.5121,312.2229,103.8815,238.3214,211.9533,161.2998,
