0.0000,4.9624,7.0686,10.3457,6.7256,21.1589,12.3163,8.3217,22.6625,17.9358,6.8707,15.9505,17.0518,17.6985,11.3581,3.6596,6.4981,7.8098,9.4004,8.3727,10.3826,12.5530,13.7983,11.8669,14.7546,10.1620,8.4004,9.2069,12.6854,10.0859,7.3130,16.8413,11.0595,6.2141,8.2429,17.3754,12.4810,13.7774,2.7196,13.3089,1.5620,13.5498,8.6137,13.0477,4.0756,7.5224,13.2730,14.5165,16.4155,4.3674,15.3615,21.9903,15.6786,7.2704,16.1827,21.0494,22.3857,16.1720,11.2536,15.9028,7.0168,5.6566,11.3035,11.7432,19.8044,16.2043,17.1408,12.4982,12.6793,10.0724,2.7317,18.8378,19.3871,21.0139,21.1685,5.3093,16.7409,14.8027,12.5768,7.0692,15.9864,23.0485,7.8668,17.4666,14.3641,14.8127,15.9299,12.8226,12.6468,13.3194,21.9482,16.8056,10.9468,14.2610,12.5953,16.6983,10.4585,13.3775,20.7855,9.4557,24.4560,21.8016,17.4987,7.2295,4.8167,13.6392,7.7022,8.2252,6.6739,12.3891,24.4994,5.0558,16.4355,8.2138,7.8057,11.4226,5.0413,7.2805,19.1376,16.3072,12.6454,15.8385,24.5475,8.4536,13.4021,9.7956,6.2670,3.7400,6.9404,3.4018,
4.9624,0.0000,5.7997,5.4321,11.4429,16.2644,15.2270,5.7320,19.4936,13.4694,11.7600,12.8752,13.0449,13.2354,9.5889,7.9669,4.6894,4.5457,8.2567,3.6145,6.5619,8.0124,9.3378,9.5779,15.6198,13.6305,7.0847,11.4498,10.8106,8.9713,5.5385,16.8283,7.1935,5.5164,3.3746,17.0884,7.8813,9.8310,4.4164,8.6466,4.7551,8.5879,9.2936,8.1255,8.8830,3.0903,8.6279,15.5923,11.6721,1.6572,10.4002,18.4332,10.8165,3.1178,11.3466,18.0550,19.3574,11.4475,10.1018,10.9418,11.8987,8.4636,12.8721,16.2132,16.7358,16.3193,12.9201,13.5843,17.1231,12.6725,3.8339,14.1452,15.5098,17.2703,17.4736,10.2715,14.9658,12.8037,9.5102,2.4689,13.3775,20.4703,7.4705,17.1813,14.2535,19.0829,12.8602,16.9494,11.9362,13.0492,17.1998,12.6504,6.2095,13.2987,9.8446,12.4581,13.4610,13.8656,16.7736,7.3285,22.4554,16.9598,15.2186,8.4847,7.6974,9.0401,9.5189,5.6942,11.6262,12.4553,22.8213,7.2513,16.3371,6.4394,9.6043,8.8167,6.0932,2.3986,18.4405,11.3885,10.2416,11.1351,22.8161,12.7314,13.2520,7.5099,8.5458,7.3256,11.2730,2.3833,
7.0686,5.7997,0.0000,9.1693,10.7172,17.0232,19.3333,2.0262,24.8370,12.5295,11.6113,18.3871,10.9302,12.3010,15.3882,7.3865,10.4150,2.8340,13.9892,5.8634,4.9108,7.9504,8.7882,15.3534,20.9376,17.2303,12.8174,7.0802,16.6076,3.2634,11.2935,22.4472,5.4698,11.0314,7.8796,22.7722,8.0527,14.9042,4.3927,8.9138,5.6150,10.9578,14.5473,9.9025,8.9928,4.7694,8.8314,20.8214,15.3225,4.3082,12.4932,23.5378,14.0733,8.6690,12.0761,23.5098,24.7777,15.1726,4.4415,12.9631,13.2021,5.6463,17.8219,18.4358,22.1752,10.5241,11.3272,18.7788,19.3763,16.9889,4.3487,17.7907,20.4097,22.2465,22.4874,11.0117,20.7551,7.7504,15.1146,5.0443,19.0431,26.0659,1.8162,22.8653,8.4542,21.6169,18.3750,19.7392,17.6539,7.2500,20.5273,17.3562,7.3264,19.0641,15.5350,10.9479,17.4788,19.3001,21.4936,13.1281,28.1876,17.3320,20.9405,13.4515,5.3834,13.2846,14.2443,1.9101,12.4828,18.0012,28.5980,4.4218,21.9730,1.1992,5.2149,14.5581,2.9559,5.8865,24.1993,14.2423,5.6096,11.2401,28.5870,15.3694,7.4532,2.8454,12.9610,6.1015,13.8676,4.4112,
10.3457,5.4321,9.1693,0.0000,16.8713,11.4081,18.7336,7.8401,16.0849,10.0433,17.1847,10.1571,10.7207,9.8397,9.3907,13.3675,6.8143,6.4984,9.2288,3.3171,6.3489,5.3185,6.5327,8.6937,17.2412,17.6908,8.3339,15.9861,10.1607,11.5066,7.1094,17.4299,6.5911,8.1594,2.1129,17.3692,5.0233,6.1544,9.6703,5.3333,10.1671,3.4680,11.7284,3.5747,14.3140,4.4049,5.3839,17.4213,6.3706,6.6456,5.2351,14.5600,5.3975,3.7565,6.9322,14.9591,16.1400,6.1756,12.3590,5.7700,17.1260,13.4752,15.4555,20.9890,13.6311,18.9724,10.1455,15.6446,21.8566,16.1329,9.1005,8.8708,11.3401,13.1978,13.4586,15.6409,13.7422,13.6620,7.4784,4.2570,11.2625,17.7703,10.9722,17.4551,16.8888,23.6156,10.1528,21.4041,12.4383,15.6739,11.8452,8.2402,3.5124,13.2842,8.2156,9.6954,17.1693,15.3158,12.3495,7.4930,20.3639,12.2813,13.3174,11.5770,12.7956,4.1160,12.8102,7.8902,16.9499,13.6881,21.0972,12.1713,16.8960,9.1093,14.0757,7.7170,10.7641,3.5378,18.1451,5.9628,11.0556,7.2477,21.0291,17.4487,15.9590,9.2348,12.3394,12.6254,16.0889,7.6392,
6.7256,11.4429,10.7172,16.8713,0.0000,27.0936,13.6950,12.6390,29.0245,23.1254,1.2963,22.3738,21.6473,22.8918,17.3872,3.5912,12.9778,12.7933,15.2942,14.4296,15.3565,18.0922,19.1650,18.1021,18.4639,11.0374,14.4904,7.3869,18.6817,12.4586,13.6955,21.2196,15.9917,12.3727,14.8117,21.9612,18.0999,20.4718,7.4219,18.9733,6.7143,19.8700,13.4573,19.1880,2.6593,13.3886,18.9146,18.0269,23.0761,10.3604,21.6517,28.5228,22.2594,13.9888,22.0525,27.3491,28.6833,22.8405,13.3463,22.1842,4.3998,5.3895,14.7444,9.5447,26.1576,15.7021,22.0149,16.2669,10.3810,12.4564,7.9305,25.5218,26.0369,27.6169,27.7550,2.7820,22.4757,17.2023,19.0749,13.1104,22.2064,29.0923,10.2938,22.0448,14.4777,12.7280,22.3513,11.4906,17.9448,13.8520,28.6119,23.5171,16.8270,19.6005,18.9836,21.6207,12.1085,17.6224,27.4614,15.7719,30.1007,27.5863,23.5033,11.9458,5.3753,20.3398,11.7439,12.5213,3.3098,17.1245,29.9099,6.3584,20.9224,11.8561,7.4620,17.8032,7.7617,13.5405,23.9697,22.8131,15.8398,21.4722,29.9964,7.9470,13.7607,13.4489,10.3352,4.6914,7.0176,9.3146,
21.1589,16.2644,17.0232,11.4081,27.0936,0.0000,30.0135,15.0071,19.8046,5.6898,27.6759,17.0970,8.4991,5.8089,19.3536,23.5060,18.1436,14.4426,19.9340,12.7979,12.1185,9.0987,8.2775,18.2782,27.6145,29.0881,19.2779,23.8617,19.5921,17.3523,18.3004,26.9698,11.6072,19.4949,13.3920,26.6091,9.0421,13.5386,19.6864,8.1645,20.5476,7.9408,22.8355,8.1449,24.7828,13.7490,8.2349,27.9248,8.7163,16.8891,6.2351,17.4984,7.8747,15.1634,5.0413,19.6819,20.2962,8.9544,17.4619,5.7355,28.1542,22.5767,26.4609,32.3337,18.7052,22.8899,7.3911,26.3799,33.2160,27.4327,19.2090,8.8348,14.6517,16.0270,16.3614,26.4162,21.8167,15.9411,16.3682,14.1178,18.7455,22.6837,18.3257,26.6797,21.2286,35.0159,17.1111,32.8089,22.4248,20.3006,8.7008,12.5835,10.2848,22.7280,17.2535,7.4434,28.5155,25.6970,14.3890,18.0791,26.0079,1.2409,20.5682,22.8775,22.1475,10.7312,24.1253,15.1203,27.8234,24.0546,27.2827,21.2719,26.4446,16.1929,22.1204,17.4008,19.7195,13.8883,26.6878,6.7822,14.5549,5.7920,27.1168,28.8016,20.6526,15.0960,23.7358,22.4565,27.4049,17.9338,
12.3163,15.2270,19.3333,18.7336,13.6950,30.0135,0.0000,20.3178,22.1420,28.4185,12.5547,17.0109,28.2553,28.1931,11.9023,13.9161,11.9194,19.4794,10.4737,18.6516,21.7648,23.0367,24.3904,13.1364,6.6175,2.6615,10.8552,20.2044,12.5210,22.4022,11.7132,9.9107,22.4095,10.5760,16.9958,10.9076,22.8513,17.9119,15.0358,23.5031,13.8558,22.1390,7.2757,22.2696,12.5847,18.3136,23.5097,5.9663,22.5850,15.7591,23.7805,22.7665,22.6596,15.0384,25.6530,20.3778,21.5153,22.2933,23.5692,24.2785,9.4153,16.9222,4.2643,6.7336,19.6470,28.1136,28.0612,5.4404,6.8828,2.6068,14.9918,24.3421,21.7119,22.5674,22.5373,11.0370,14.2253,27.0836,15.1125,17.6758,15.8532,20.7833,20.1721,10.9592,26.4292,6.9457,16.9834,5.1435,9.8830,25.4678,27.3327,20.6344,21.0856,10.9989,14.4182,27.5949,1.8578,7.1386,23.2606,12.2559,20.3726,30.9652,15.9585,7.1568,16.2676,19.7974,5.9278,20.2380,10.4644,8.0026,19.5794,16.8926,9.8936,20.4333,19.3833,13.6463,17.2784,17.3813,13.0630,23.6524,24.8167,25.8097,19.7539,5.8478,25.5104,21.9425,6.6817,14.9572,6.7006,15.1529,
8.3217,5.7320,2.0262,7.8401,12.6390,15.0071,20.3178,0.0000,23.8217,10.5290,13.4757,17.5583,9.0489,10.2989,15.1148,9.2143,10.4046,1.4036,13.9484,4.5607,2.8892,5.9557,6.7629,14.9181,21.3184,18.3732,12.7820,8.9781,16.2581,3.6878,11.2272,22.5517,3.4444,11.2352,6.9303,22.7887,6.0753,13.8417,5.8407,6.9255,7.0279,9.1983,14.9533,8.0741,10.7655,3.6589,6.8397,21.2645,13.7362,4.6407,10.6456,22.3835,12.4153,8.1347,10.0814,22.5875,23.8196,13.6089,4.6485,11.0957,14.8575,7.6624,18.4223,19.9620,21.2502,11.2138,9.3759,19.2395,20.9031,17.8743,5.6269,16.1650,19.1794,21.0356,21.2933,12.7290,20.3288,7.0779,14.4183,4.1498,18.3698,25.2611,3.4602,22.8813,9.1177,23.0928,17.5488,21.1379,17.6258,7.8933,18.7990,16.0791,5.5186,18.9314,14.9348,8.9831,18.4818,19.5874,20.1731,12.8511,27.5673,15.3065,20.3370,14.0121,7.3586,11.9225,14.9294,0.1184,14.2075,18.1871,28.0880,6.4140,22.0568,1.3363,7.1588,14.0539,4.9030,4.9845,24.0696,12.4947,4.5683,9.2201,28.0583,16.7639,8.1613,1.7785,13.7611,7.9715,15.2511,5.1665,
22.6625,19.4936,24.8370,16.0849,29.0245,19.8046,22.1420,23.8217,0.0000,22.8741,28.7014,6.7199,24.8980,22.7861,11.7546,26.3220,16.1649,22.4321,13.8697,19.2680,22.3795,20.5369,21.2806,10.9292,16.1648,23.1260,14.5525,30.9225,10.5534,27.5095,15.3744,13.4272,22.5276,16.6521,16.9689,12.4973,20.2177,9.9801,23.6304,20.0189,23.4504,16.4282,16.5303,17.6649,26.4391,20.1971,20.1178,16.8012,12.0469,21.1471,16.3883,2.3574,13.5136,16.3792,19.1421,1.7818,0.7869,11.9566,28.4173,16.4217,26.9751,27.7381,17.9581,27.9529,2.8671,35.0240,23.9131,16.7104,28.4608,20.5275,23.0805,11.0143,5.3317,3.7777,3.4437,26.7027,7.9296,29.6090,10.1248,19.8166,6.8840,3.1981,26.6431,12.5049,32.9319,29.0474,6.7395,27.0368,12.4288,31.7101,11.7194,8.2486,19.2867,11.1480,10.0715,23.5918,21.7827,15.0585,5.4326,13.2612,6.5924,21.0371,6.1950,17.8257,26.9103,12.3109,18.6313,23.8566,27.4248,14.1832,8.1385,26.6370,13.1356,25.0163,29.0952,11.2496,25.5817,18.9654,11.0690,14.3059,27.0647,20.3452,7.9111,25.0786,31.9825,25.3061,19.5572,26.1928,24.4649,21.7716,
17.9358,13.4694,12.5295,10.0433,23.1254,5.6898,28.4185,10.5290,22.8741,0.0000,23.8892,18.6393,2.8156,0.2375,19.3038,19.6223,16.6375,10.3743,19.2720,9.8717,7.7741,5.4570,4.1485,18.4603,27.2818,27.0417,18.3619,18.9284,19.9084,12.1946,17.0638,27.3206,7.1337,17.9321,11.4712,27.1676,5.6003,14.5488,15.9569,4.9155,17.0001,7.2873,21.6648,6.5488,21.0804,10.4805,4.9094,27.4644,10.8406,13.5764,6.6067,20.7457,9.4300,13.4698,3.7910,22.3441,23.2159,10.9561,12.1257,6.4821,24.8953,18.1740,25.4097,29.6019,21.1722,17.2405,1.7030,25.6732,30.5252,25.8155,15.5761,12.1471,17.5425,19.2184,19.5489,22.9228,22.9922,10.2792,16.8810,11.0306,20.1161,25.3853,13.5294,27.2494,15.6396,32.5374,18.6457,30.4166,22.3987,14.7676,13.2213,14.8031,7.3434,23.0978,17.7282,1.8193,26.7386,25.3541,17.7430,17.5213,28.4878,5.4123,22.1303,21.3311,17.8870,11.4982,22.5168,10.6474,24.3883,23.7214,29.5436,16.9421,26.7845,11.5179,17.3186,17.4917,15.4291,11.1345,27.6940,8.5705,9.1044,2.8680,29.4198,26.1660,15.1198,10.1657,21.8015,18.4358,24.6850,14.5406,
6.8707,11.7600,11.6113,17.1847,1.2963,27.6759,12.5547,13.4757,28.7014,23.8892,0.0000,22.1067,22.5183,23.6540,16.9897,4.2700,12.8183,13.5195,14.8786,14.9252,16.1164,18.7532,19.8723,17.7743,17.5491,9.8932,14.1497,8.6731,18.2607,13.5393,13.4793,20.3907,16.7655,12.0936,15.0943,21.1650,18.7414,20.4322,8.0062,19.6078,7.1459,20.2937,12.8206,19.6804,2.9017,13.9295,19.5547,17.0869,23.2847,10.8239,22.0924,28.3021,22.5412,14.1133,22.6425,27.0005,28.3295,23.0399,14.4660,22.6297,3.1739,6.4971,13.8379,8.2484,25.8390,16.9895,22.8374,15.3872,9.0858,11.4500,8.4677,25.6995,25.9230,27.4535,27.5772,2.0241,21.9442,18.3271,18.8680,13.5993,21.8446,28.6323,11.3280,21.2466,15.7413,11.4338,22.0834,10.2016,17.3360,15.0919,28.8158,23.5035,17.3912,18.9851,18.7176,22.4323,11.0225,16.8041,27.3765,15.5006,29.5080,28.2153,23.0524,11.3238,6.3742,20.4937,11.0044,13.3592,2.0957,16.4036,29.2543,7.3506,20.1155,12.7763,8.6737,17.5422,8.6658,13.9618,23.2090,23.1463,16.8698,22.1256,29.3504,6.7544,15.0092,14.3940,9.6537,5.5123,5.9352,9.7722,
15.9505,12.8752,18.3871,10.1571,22.3738,17.0970,17.0109,17.5583,6.7199,18.6393,22.1067,0.0000,20.1569,18.4989,5.4494,19.6095,9.4567,16.1550,7.4815,13.0851,16.4888,15.1755,16.1605,4.4103,12.1300,17.4767,7.9935,24.2572,4.5225,21.2233,8.6864,10.4567,16.7482,10.0158,10.6283,9.8775,14.8567,4.1709,16.9329,14.8691,16.7320,11.4880,10.4915,12.5484,19.7673,13.8995,14.9530,12.6482,8.3860,14.5324,12.0755,6.2414,9.4505,9.7852,14.8685,5.1867,6.5039,8.1605,22.2029,12.3034,20.5656,21.0335,12.7535,22.1352,3.8857,28.7579,19.3260,11.8637,22.7467,14.9864,16.3889,8.8600,4.7151,5.6636,5.6974,20.1290,4.7687,23.8104,3.4110,13.4488,1.6835,7.7029,20.1712,9.9336,26.6607,23.6599,0.0275,21.5205,7.2135,25.4349,11.2371,4.6731,13.6074,6.6204,3.3913,18.9361,16.2714,10.5020,6.2534,6.6081,10.2157,18.3109,3.5166,11.6053,20.2022,7.1625,12.5728,17.5797,20.9353,9.1557,11.0406,19.9506,9.9803,18.6792,22.4507,4.5709,18.9387,12.5979,9.6357,10.4967,21.1884,15.8437,10.9496,19.0098,25.6878,19.1501,13.2870,19.4734,18.2278,15.1073,
17.0518,13.0449,10.9302,10.7207,21.6473,8.4991,28.2553,9.0489,24.8980,2.8156,22.5183,20.1569,0.0000,2.7260,20.1088,18.2619,16.8067,9.2523,19.7826,9.6410,6.6735,5.4676,4.1888,19.3987,27.7795,26.6545,18.7746,16.8203,20.8654,10.0127,17.3588,28.1439,5.9974,18.0216,11.7115,28.0893,5.7332,15.9929,14.8006,5.4146,15.9333,8.6783,21.8514,7.6289,19.8109,9.9551,5.3523,27.8967,12.8798,12.8073,8.5167,22.8618,11.3887,13.6955,5.8594,24.2237,25.1800,12.9495,9.7658,8.5366,23.8397,16.4794,25.5791,28.7949,22.9967,14.5052,1.1501,26.0126,29.7311,25.6811,14.5000,14.4739,19.5909,21.3385,21.6622,21.7538,24.2591,7.5446,18.0213,10.5832,21.5265,27.2397,11.6386,28.1750,12.9782,31.8420,20.1600,29.7924,23.1350,12.1711,15.8280,16.6935,7.4516,24.0038,18.8221,1.3288,26.5032,25.8790,19.9431,18.1419,30.2210,8.1447,23.5773,21.3280,16.3017,13.0155,22.4520,9.1642,23.2321,24.2821,31.1769,15.3282,27.6108,9.8088,15.3374,18.4207,13.8856,10.8988,28.8109,10.6769,6.6855,4.5736,31.0717,25.4604,12.5211,8.2843,21.5758,17.0078,23.9544,13.6701,
17.6985,13.2354,12.3010,9.8397,22.8918,5.8089,28.1931,10.2989,22.7861,0.2375,23.6540,18.4989,2.7260,0.0000,19.1148,19.3873,16.4192,10.1384,19.0684,9.6391,7.5394,5.2231,3.9122,18.2785,27.0800,26.8109,18.1536,18.7171,19.7285,11.9912,16.8503,27.1354,6.9001,17.7118,11.2519,26.9881,5.3689,14.3993,15.7202,4.6912,16.7629,7.1207,21.4489,6.3581,20.8442,10.2444,4.6834,27.2598,10.7458,13.3392,6.4865,20.6682,9.3232,13.2517,3.6733,22.2398,23.1211,10.8559,11.9353,6.3790,24.6578,17.9461,25.1941,29.3654,21.0616,17.0988,1.5898,25.4642,30.2888,25.5905,15.3390,12.0941,17.4550,19.1407,19.4705,22.6858,22.8342,10.1409,16.7110,10.7955,19.9677,25.2793,13.3101,27.0702,15.4827,32.3021,18.5050,30.1821,22.2073,14.6009,13.2234,14.6956,7.1150,22.9162,17.5557,1.6542,26.5112,25.1532,17.6752,17.3219,28.3706,5.5728,21.9858,21.1090,17.6563,11.3512,22.2931,10.4172,24.1511,23.5216,29.4173,16.7124,26.5994,11.2933,17.1015,17.3088,15.1982,10.9027,27.5270,8.4802,8.9230,2.6950,29.2952,25.9303,14.9531,9.9488,21.5735,18.2019,24.4489,14.3032,
11.3581,9.5889,15.3882,9.3907,17.3872,19.3536,11.9023,15.1148,11.7546,19.3038,16.9897,5.4494,20.1088,19.1148,0.0000,14.9638,5.1266,13.7721,2.1167,11.2375,14.9388,14.6740,15.9200,1.2378,8.2619,12.1075,2.9590,20.2733,1.3275,18.5401,4.2230,8.0409,15.3880,5.1463,8.7131,8.0001,14.3906,6.1857,12.9050,14.7213,12.4224,12.1221,5.0576,12.7568,14.8666,11.6597,14.7738,8.5938,11.1154,11.1353,13.3865,11.6497,11.5391,7.0351,15.8426,10.0268,11.3493,10.8286,19.6487,13.7925,15.2299,16.8357,7.7478,16.7031,8.9148,25.9021,19.5265,7.2335,17.3339,9.6929,12.4314,12.5841,9.9806,11.1061,11.1467,14.9789,5.4696,22.0105,3.2629,11.0553,4.8718,11.7336,17.0283,8.0878,23.8412,18.3437,5.4228,16.1704,3.1135,22.6380,15.4864,8.7403,12.7547,3.9365,2.5172,19.0800,10.9720,6.3522,11.5401,2.2678,13.1484,20.4570,6.1543,6.1643,15.9827,8.6336,7.1264,15.1008,15.6706,4.7228,13.3379,15.9244,7.5063,15.9834,18.6057,1.9587,15.1939,10.3030,8.9999,12.6160,19.3646,16.4462,13.3559,13.5610,22.8390,16.8663,7.8645,15.0615,12.8042,11.4028,
3.6596,7.9669,7.3865,13.3675,3.5912,23.5060,13.9161,9.2143,26.3220,19.6223,4.2700,19.6095,18.2619,19.3873,14.9638,0.0000,10.1577,9.2579,12.9603,10.8449,11.8485,14.5239,15.6205,15.5124,17.5290,11.4094,12.0058,6.3441,16.2886,9.5927,10.9675,19.9226,12.4962,9.8202,11.3407,20.5431,14.5243,17.3383,3.8313,15.3958,3.2129,16.3012,11.7693,15.6013,1.6688,9.7981,15.3388,17.1985,19.6379,6.7943,18.0760,25.6326,18.7645,10.6919,18.4653,24.7076,26.0439,19.4111,10.6176,18.6067,6.0142,3.0288,13.8884,11.4292,23.4639,14.2436,18.5689,15.2613,12.3523,12.0980,4.3474,22.1057,22.9824,24.6338,24.7951,3.7451,20.2931,14.4525,16.2319,9.5288,19.6354,26.6792,7.3064,20.6320,12.6700,14.6736,19.5889,13.0229,16.0405,11.8196,25.1667,20.3284,13.2362,17.6813,16.2547,18.1628,12.1250,16.3645,24.3565,13.1072,28.0029,24.0092,21.1154,10.2882,2.5039,16.9633,10.4563,9.0984,5.1715,15.5661,27.9820,3.3689,19.5566,8.5682,5.5011,15.0813,4.4780,9.9830,22.4094,19.2840,12.7842,17.9021,28.0413,8.8314,11.8098,10.2031,8.9619,1.3236,7.4704,5.7567,
6.4981,4.6894,10.4150,6.8143,12.9778,18.1436,11.9194,10.4046,16.1649,16.6375,12.8183,9.4567,16.8067,16.4192,5.1266,10.1577,0.0000,9.1566,3.5762,7.2393,10.8116,11.3975,12.7444,5.4305,11.1210,10.9792,2.4033,15.1746,6.4281,13.6337,0.9048,12.1473,11.3686,1.3515,5.1691,12.3992,11.1740,7.7085,7.7922,11.7421,7.3878,10.2320,5.0511,10.3594,10.3444,7.2962,11.7618,11.1662,11.4014,6.1121,11.9111,15.5501,11.1343,3.1677,13.7382,14.5539,15.8897,11.1209,14.7768,12.4226,11.7417,11.7808,8.7927,14.6882,13.3062,20.8758,16.4566,9.2283,15.4962,9.3195,7.3088,13.5709,13.1060,14.6458,14.7791,10.9081,10.5954,17.4553,6.1059,6.6379,9.5209,16.6243,11.9867,12.4921,18.8358,17.0679,9.4358,14.8330,7.2513,17.6475,16.7193,10.7997,9.4034,8.6520,6.0975,15.9905,10.3739,9.2960,14.5701,3.0095,18.2513,19.0651,11.1336,4.7628,10.9318,8.4861,5.9980,10.3721,11.9020,7.8195,18.4643,10.8222,11.6524,11.1215,13.4854,4.9269,10.0675,6.0594,13.7844,12.0328,14.8608,13.9482,18.4824,11.1837,17.8317,12.1827,5.6512,10.0918,9.9979,6.2918,
7.8098,4.5457,2.8340,6.4984,12.7933,14.4426,19.4794,1.4036,22.4321,10.3743,13.5195,16.1550,9.2523,10.1384,13.7721,9.2579,9.1566,0.0000,12.6696,3.1923,2.6217,5.3505,6.3721,13.5455,20.1647,17.6504,11.5102,9.9078,14.8980,5.0814,9.9548,21.2951,3.2911,10.0589,5.5268,21.5051,5.4021,12.4533,5.5987,6.2789,6.6938,8.1242,13.8348,7.0827,10.7071,2.2555,6.2077,20.1372,12.5252,3.7230,9.6759,21.0155,11.2524,6.7657,9.4312,21.1889,22.4241,12.3841,6.0517,10.1537,14.6112,8.1445,17.3770,19.5486,19.8516,12.6131,9.4097,18.1261,20.4861,16.9862,5.2592,14.9813,17.8267,19.6792,19.9331,12.5756,18.9516,8.3025,13.0180,2.7575,16.9693,23.8578,4.5542,21.5974,10.5164,22.6189,16.1454,20.6021,16.3390,9.2913,17.6958,14.7365,4.5079,17.6137,13.5414,8.9830,17.6637,18.4013,18.8465,11.5139,26.1678,14.8464,18.9403,12.9718,7.7071,10.6018,13.9462,1.4273,14.0484,16.9677,26.6971,6.8317,20.7945,2.6117,8.0291,12.6724,5.2789,3.5850,22.7458,11.4085,5.7069,8.7197,26.6656,16.2476,9.5555,3.0972,12.8508,8.1052,14.7367,4.4627,
9.4004,8.2567,13.9892,9.2288,15.2942,19.9340,10.4737,13.9484,13.8697,19.2720,14.8786,7.4815,19.7826,19.0684,2.1167,12.9603,3.5762,12.6696,0.0000,10.4736,14.1450,14.3156,15.6231,3.0817,8.0183,10.3502,1.1730,18.4488,3.3878,17.2097,2.7219,8.6387,14.6577,3.2190,8.1024,8.8403,14.0571,7.4579,11.1402,14.5024,10.5559,12.3283,3.2733,12.7639,12.7958,10.7017,14.5404,8.1941,12.1334,9.6833,13.7868,13.7132,12.3137,6.1939,16.0223,12.1435,13.4658,11.8417,18.3518,14.2421,13.1244,14.9634,6.5701,14.8011,11.0259,24.4310,19.3093,6.4768,15.4729,8.0843,10.7035,13.8758,11.8722,13.1022,13.1613,12.8658,7.3411,20.9711,4.7948,10.0590,6.9880,13.8027,15.5429,8.9329,22.3990,16.6215,7.4556,14.4145,3.6801,21.2150,16.8972,10.3021,12.3344,5.0927,4.2727,18.8504,9.3326,6.1020,13.4246,1.8560,15.0562,20.9742,8.2137,4.1525,14.1099,9.4096,5.2185,13.9203,13.5550,4.5007,15.1255,14.1202,8.1313,14.6942,16.8408,3.2811,13.5034,9.3939,10.2131,13.3477,18.3562,16.4636,15.1647,11.5686,21.3950,15.7238,5.8079,13.1311,10.7471,9.8062,
8.3727,3.6145,5.8634,3.3171,14.4296,12.7979,18.6516,4.5607,19.2680,9.8717,14.9252,13.0851,9.6410,9.6391,11.2375,10.8449,7.2393,3.1923,10.4736,0.0000,3.7026,4.4207,5.7628,10.8340,18.3371,17.1799,9.3790,12.7731,12.2510,8.2462,7.8796,19.0725,4.1855,8.4034,2.5675,19.1707,4.2741,9.2887,7.0198,5.0322,7.7796,5.5029,12.2497,4.7600,12.0242,1.1530,5.0135,18.4014,9.5084,4.1035,7.2447,17.8256,8.3398,4.2828,7.8101,18.0584,19.2783,9.3441,9.1561,7.7704,15.3848,10.4929,15.9591,19.8213,16.7223,15.7567,9.4099,16.4667,20.7337,16.0645,6.4991,11.9969,14.6346,16.4869,16.7411,13.6185,16.1711,10.8805,10.0673,1.3260,13.9981,20.7771,7.6597,19.2611,13.6639,22.6968,13.0771,20.5587,14.0414,12.4421,14.8405,11.5475,2.6013,15.1614,10.6668,8.9439,16.9290,16.4793,15.6652,9.0511,23.1923,13.4294,16.0086,11.6870,9.8871,7.4314,12.8157,4.6023,15.0272,14.9396,23.7997,9.1645,18.5532,5.8033,10.8641,9.9076,7.6822,1.2721,20.2289,8.6550,8.2266,7.5283,23.7542,16.3454,12.7163,6.0698,11.9884,9.9224,14.8835,5.1541,
10.3826,6.5619,4.9108,6.3489,15.3565,12.1185,21.7648,2.8892,22.3795,7.7741,16.1164,16.4888,6.6735,7.5394,14.9388,11.8485,10.8116,2.6217,14.1450,3.7026,0.0000,3.1043,3.8813,14.5106,21.9325,20.0536,13.0318,11.8105,15.9382,5.7976,11.5086,22.7619,0.6770,11.8862,6.2421,22.8710,3.2610,12.4986,8.2201,4.0795,9.3106,6.7747,15.7325,5.5441,13.3200,3.5417,3.9877,21.9654,11.5249,6.1457,8.0242,20.7457,10.1043,7.9707,7.2147,21.2984,22.4634,11.4385,6.3787,8.4335,17.2287,10.5204,19.3839,22.1253,19.9736,12.8983,6.7898,19.9971,23.0606,19.2252,7.8765,13.8550,17.4615,19.3253,19.6060,15.1971,19.8096,7.3221,13.6331,4.2052,17.5198,24.1190,6.2605,22.9615,10.8647,25.1686,16.4835,23.1245,17.7354,9.6912,16.3051,14.3359,3.1938,18.8639,14.2799,6.3615,19.9779,20.0998,18.3031,12.7526,26.6759,12.4239,19.5561,15.0247,10.1672,10.1415,16.0791,3.0032,16.6701,18.5855,27.3531,9.2463,22.2445,4.1040,10.0232,13.5725,7.7088,4.7624,23.9264,10.0257,4.7068,6.3308,27.2965,18.7877,10.0078,3.3507,15.0908,10.6654,17.2811,6.9966,
12.5530,8.0124,7.9504,5.3185,18.0922,9.0987,23.0367,5.9557,20.5369,5.4570,18.7532,15.1755,5.4676,5.2231,14.6740,14.5239,11.3975,5.3505,14.3156,4.4207,3.1043,0.0000,1.3549,14.0106,22.3164,21.6001,13.3140,14.9114,15.4772,8.7879,11.9156,22.6984,2.7344,12.6469,6.2613,22.6681,0.3211,11.0221,10.7510,0.9752,11.7176,4.2200,16.4486,2.9292,15.8905,5.0473,0.8847,22.4414,9.0285,8.1858,5.1124,18.7143,7.5290,8.2577,4.1265,19.6368,20.7121,8.9948,9.2170,5.4639,19.5511,13.4780,20.1885,24.1660,18.3481,15.5164,5.0604,20.5728,25.0861,20.4410,10.3200,11.1928,15.3954,17.2359,17.5374,17.6498,19.0183,9.2418,12.7506,5.5785,16.4223,22.5761,9.3630,22.7548,13.5606,27.0843,15.1750,24.9601,17.6801,12.4424,13.4278,12.3143,1.9967,18.5866,13.5146,4.5938,21.3315,20.4133,16.0552,12.6790,25.3704,9.5028,18.4842,16.0054,13.0574,8.2550,17.1650,6.0651,19.0991,18.8147,26.2071,12.1746,22.1666,7.2048,13.1120,13.0346,10.6226,5.6889,23.4630,7.2542,6.9265,3.3802,26.1223,20.7172,12.7762,6.3652,16.3902,13.4203,19.2410,9.1823,
13.7983,9.3378,8.7882,6.5327,19.1650,8.2775,24.3904,6.7629,21.2806,4.1485,19.8723,16.1605,4.1888,3.9122,15.9200,15.6205,12.7444,6.3721,15.6231,5.7628,3.8813,1.3549,0.0000,15.2169,23.6323,22.9419,14.6356,15.5863,16.6840,9.1814,13.2511,23.9555,3.3345,13.9986,7.5973,23.9019,1.5734,11.9905,11.8929,1.2918,12.9018,4.8525,17.7952,3.6453,17.0319,6.3322,1.2081,23.7659,9.5067,9.4345,5.2974,19.3742,7.9831,9.5980,3.5741,20.4646,21.4964,9.5127,9.4472,5.5343,20.7748,14.4004,21.5365,25.4534,19.1975,15.4809,3.7127,21.9072,26.3766,21.7953,11.4878,11.4955,16.0595,17.8740,18.1848,18.8340,20.1359,8.9052,13.8797,6.8884,17.4676,23.4397,10.0482,23.9877,13.6044,28.3925,16.1616,26.2773,18.9492,12.5443,13.4758,13.0323,3.3411,19.8167,14.6665,3.2472,22.6826,21.7242,16.6108,13.9626,26.3130,8.5438,19.5267,17.3599,14.0331,9.1078,18.5200,6.8784,20.2925,20.1187,27.2009,13.1210,23.4223,7.9190,13.8446,14.2390,11.5785,7.0335,24.6443,7.5308,6.8424,2.4928,27.1072,22.0191,12.8882,6.8493,17.7413,14.4773,20.5369,10.4092,
11.8669,9.5779,15.3534,8.6937,18.1021,18.2782,13.1364,14.9181,10.9292,18.4603,17.7743,4.4103,19.3987,18.2785,1.2378,15.5124,5.4305,13.5455,3.0817,10.8340,14.5106,14.0106,15.2169,0.0000,9.3754,13.2941,3.6247,20.5822,1.4672,18.4348,4.5662,8.8727,14.9194,5.7388,8.2716,8.7149,13.7169,4.9828,13.1942,13.9885,12.8177,11.2182,6.2162,11.9343,15.5334,11.3667,14.0476,9.7394,9.9428,11.1843,12.3955,10.6505,10.4307,6.7835,14.9248,9.2476,10.5826,9.6582,19.5137,12.7809,16.1594,17.2099,8.9854,17.8415,8.0650,25.8757,18.7664,8.4456,18.4905,10.9065,12.6908,11.3590,8.8199,10.0206,10.0803,15.7804,5.4153,21.6919,2.0399,10.7952,4.1252,11.1966,17.0483,8.7982,23.7980,19.5432,4.3849,17.3606,4.1498,22.5841,14.2501,7.5030,12.1411,4.6377,1.2820,18.3276,12.1824,7.4902,10.3770,2.4224,12.9033,19.3994,5.7167,7.2281,16.3616,7.5470,8.2516,14.9138,16.5464,5.8847,13.2455,16.2311,8.3369,15.8646,18.8603,0.9781,15.3970,10.0019,9.4697,11.5153,19.0378,15.5939,13.2384,14.6445,22.8005,16.6407,8.8890,15.5120,13.8265,11.5609,
14.7546,15.6198,20.9376,17.2412,18.4639,27.6145,6.6175,21.3184,16.1648,27.2818,17.5491,12.1300,27.7795,27.0800,8.2619,17.5290,11.1210,20.1647,8.0183,18.3371,21.9325,22.3164,23.6323,9.3754,0.0000,8.5736,9.0060,23.7830,8.1979,24.1969,10.4610,3.2932,22.4875,10.1071,16.0727,4.2935,22.0633,14.3186,17.2225,22.5201,16.2615,20.2509,6.3918,20.7569,16.6383,18.4103,22.5574,0.6676,19.3039,16.7442,21.6047,17.1531,19.7957,14.1107,23.9669,14.4636,15.4743,19.0219,25.3786,22.0263,14.7098,20.2491,3.7197,13.2646,13.9557,30.9043,27.3245,2.2705,13.4863,6.2497,16.9584,20.5458,16.7593,17.2416,17.1465,15.6827,8.3200,28.3939,11.3725,17.7493,10.6509,14.4397,22.2271,4.3432,28.9944,13.4567,12.1042,11.7599,5.2432,27.8870,23.2394,16.4582,20.3279,5.5159,10.5124,26.8647,7.1157,1.9343,18.2307,9.7679,13.7820,28.7124,10.1718,7.5700,19.4558,16.8947,7.0987,21.2696,15.6044,3.5823,12.9619,19.8038,3.3033,21.8364,22.5359,10.2182,19.6790,17.1785,6.4455,20.8754,25.8585,24.4612,13.1371,11.5300,28.0084,23.0849,8.5876,18.2225,11.7471,16.5297,
10.1620,13.6305,17.2303,17.6908,11.0374,29.0881,2.6615,18.3732,23.1260,27.0417,9.8932,17.4767,26.6545,26.8109,12.1075,11.4094,10.9792,17.6504,10.3502,17.1799,20.0536,21.6001,22.9419,13.2941,8.5736,0.0000,10.4430,17.6448,12.9615,20.2014,10.9722,11.8014,20.7152,9.6380,15.8023,12.7458,21.4422,17.7521,12.8637,22.1501,11.6550,21.1511,7.0913,21.1362,10.0140,16.7095,22.1457,7.9781,22.1526,13.9390,22.8680,23.4967,22.0493,13.9360,24.5175,21.3448,22.5554,21.8635,21.3513,23.3860,6.7570,14.4332,5.3504,4.8774,20.4826,25.6470,26.5503,6.8722,5.3348,2.6145,12.8859,24.0999,22.0857,23.1291,23.1371,8.3989,15.3403,24.9605,15.1405,16.0993,16.5228,22.0905,17.9335,12.8093,24.0148,6.2728,17.4494,4.0677,10.6971,23.0901,27.1776,20.6510,19.7049,12.0621,14.5559,26.0879,1.4674,8.5873,23.6453,11.9611,22.0329,29.9708,16.9450,6.4240,13.8155,19.2798,5.2033,18.2855,7.8032,9.0134,21.3846,14.4930,11.6896,18.3680,16.9038,13.6294,14.9970,15.9114,14.9134,22.9841,22.7911,24.5470,21.5385,3.2068,23.1157,19.9276,5.3524,12.5079,4.0649,13.2261,
8.4004,7.0847,12.8174,8.3339,14.4904,19.2779,10.8552,12.7820,14.5525,18.3619,14.1497,7.9935,18.7746,18.1536,2.9590,12.0058,2.4033,11.5102,1.1730,9.3790,13.0318,13.3140,14.6356,3.6247,9.0060,10.4430,0.0000,17.3683,4.2856,16.0368,1.5557,9.7875,13.5567,2.1874,7.0668,10.0079,13.0644,7.3350,10.0303,13.5449,9.4921,11.5480,3.5859,11.8988,11.9410,9.5664,13.5780,9.1309,11.7631,8.5124,13.0800,14.2284,11.8056,5.1163,15.2059,12.8618,14.1946,11.4720,17.1788,13.5546,12.5911,13.9058,7.1932,14.6851,11.6893,23.2661,18.3360,7.3121,15.4060,8.3580,9.5805,13.6573,12.1593,13.5086,13.5946,12.1563,8.3723,19.8127,4.9698,8.9191,7.7161,14.6814,14.3771,10.1006,21.2313,16.7016,7.9691,14.4726,4.8515,20.0458,16.7385,10.3157,11.3233,6.2563,4.6372,17.8743,9.5561,7.1175,13.6923,1.5539,16.0787,20.2846,9.1099,4.0428,13.0521,8.9452,5.2398,12.7529,12.9419,5.5607,16.2032,13.0285,9.2846,13.5215,15.7352,3.5025,12.3721,8.2726,11.3831,12.8065,17.2028,15.5815,16.2343,11.3365,20.2272,14.5583,5.5233,12.1103,10.3884,8.6508,
9.2069,11.4498,7.0802,15.9861,7.3869,23.8617,20.2044,8.9781,30.9225,18.9284,8.6731,24.2572,16.8203,18.7171,20.2733,6.3441,15.1746,9.9078,18.4488,12.7731,11.8105,14.9114,15.5863,20.5822,23.7830,17.6448,17.3683,0.0000,21.5899,6.8087,16.0675,26.0244,12.2696,15.2302,14.3771,26.5779,15.0464,21.2519,7.3880,15.8856,7.8999,18.0286,17.8011,16.9826,7.6309,11.6278,15.7960,23.4808,22.2810,9.8131,19.5727,29.8787,21.0895,14.5663,19.0238,29.4437,30.7588,22.1131,7.2399,20.0400,11.5509,3.5573,20.1850,16.8910,28.1370,8.3165,17.4902,21.5126,17.7478,18.4416,7.8997,24.7698,26.9057,28.6919,28.9039,9.4141,25.7337,10.8059,20.8561,11.7310,24.5993,31.7283,5.5508,26.6688,7.1656,20.0996,24.2407,18.7534,21.8259,6.7007,27.5709,23.9573,14.4065,23.4207,21.0800,17.1889,18.4381,22.5195,28.1075,18.1747,33.4195,24.0483,26.2980,16.3768,4.3902,20.0487,16.6853,8.8748,10.4993,21.5889,33.5696,4.3525,25.6286,7.7068,1.9108,19.9670,5.3624,12.4951,28.3415,21.3039,10.2453,18.0777,33.6025,14.8491,6.5497,8.7979,15.1954,5.5652,13.6169,9.1522,
12.6854,10.8106,16.6076,10.1607,18.6817,19.5921,12.5210,16.2581,10.5534,19.9084,18.2607,4.5225,20.8654,19.7285,1.3275,16.2886,6.4281,14.8980,3.3878,12.2510,15.9382,15.4772,16.6840,1.4672,8.1979,12.9615,4.2856,21.5899,0.0000,19.7310,5.5278,7.4526,16.3579,6.4730,9.6961,7.2598,15.1839,6.1407,14.2161,15.4546,13.7465,12.6529,6.0455,13.3903,16.1746,12.7450,15.5140,8.6168,11.1318,12.3820,13.7869,10.5946,11.7227,8.1341,16.3503,8.8049,10.1160,10.8536,20.8262,14.1580,16.4254,18.1590,8.2808,17.6553,7.7434,27.1298,20.2294,7.5267,18.2474,10.4639,13.7369,12.3640,9.1959,10.1675,10.1790,16.2450,4.1760,23.0871,3.2263,12.1591,3.6844,10.4211,18.2700,7.3422,25.0614,19.1374,4.4951,17.0000,2.9697,23.8534,15.1381,8.3411,13.6038,3.1975,2.3443,19.7915,11.7489,6.3766,10.7491,3.4917,11.8296,20.7301,4.8356,7.2792,17.3063,8.8767,8.1473,16.2492,16.8994,4.8546,12.0504,17.2396,6.9182,17.1664,19.9132,2.4449,16.4892,11.3814,8.0124,12.8133,20.4349,17.0409,12.0618,14.6095,24.0608,17.9953,9.0061,16.3888,13.9268,12.6838,
10.0859,8.9713,3.2634,11.5066,12.4586,17.3523,22.4022,3.6878,27.5095,12.1946,13.5393,21.2233,10.0127,11.9912,18.5401,9.5927,13.6337,5.0814,17.2097,8.2462,5.7976,8.7879,9.1814,18.4348,24.1969,20.2014,16.0368,6.8087,19.7310,0.0000,14.5011,25.7013,6.0547,14.2873,10.5979,26.0137,8.9944,17.5295,7.3664,9.7428,8.5552,12.5492,17.8079,11.3371,11.2613,7.3313,9.6406,24.0745,17.2334,7.5502,13.8163,26.0618,15.8525,11.6735,12.7388,26.2698,27.5053,17.1260,1.1862,14.2139,15.6003,7.0693,21.0504,20.9807,24.9324,7.5352,10.7079,22.0311,21.9122,20.1199,7.4442,19.6107,22.8451,24.7041,24.9652,13.3370,23.8494,4.8672,18.0438,7.7794,21.9935,28.9258,2.3095,26.1069,5.4379,24.2101,21.2132,22.4452,20.8827,4.2122,22.1024,19.7366,8.8938,22.2684,18.5267,10.4251,20.5444,22.5635,23.8101,16.2732,31.1799,17.4302,23.9378,16.6957,7.1908,15.5624,17.4593,3.6545,14.7573,21.2610,31.6557,6.2429,25.2244,2.5720,5.4272,17.6024,5.2715,8.6275,27.4091,15.8176,3.4976,11.6500,31.6344,18.1173,4.4743,2.4469,16.1447,8.2726,16.6447,7.6673,
7.3130,5.5385,11.2935,7.1094,13.6955,18.3004,11.7132,11.2272,15.3744,17.0638,13.4793,8.6864,17.3588,16.8503,4.2230,10.9675,0.9048,9.9548,2.7219,7.8796,11.5086,11.9156,13.2511,4.5662,10.4610,10.9722,1.5557,16.0675,5.5278,14.5011,0.0000,11.3416,12.0450,1.4984,5.6545,11.5618,11.6777,7.2387,8.6889,12.2008,8.2580,10.4492,4.6196,10.6826,11.0815,8.0255,12.2274,10.5455,11.2236,6.9969,12.0684,14.8331,11.0774,3.6635,14.0365,13.7427,15.0794,10.9376,15.6383,12.5653,12.2400,12.6600,8.3544,14.8954,12.5104,21.7675,16.9614,8.6572,15.6739,9.1387,8.2097,13.2993,12.4895,13.9781,14.0984,11.5368,9.6923,18.2573,5.3896,7.3750,8.6762,15.7625,12.8792,11.6544,19.7236,17.1472,8.6646,14.9084,6.4015,18.5325,16.4325,10.3178,9.9193,7.7708,5.3044,16.4972,10.2558,8.6003,13.9786,2.1458,17.3543,19.2604,10.2534,4.6017,11.8095,8.3268,5.8543,11.1987,12.4653,7.0778,17.5602,11.7156,10.8397,11.9777,14.3856,4.1250,10.9718,6.7463,12.9088,12.0218,15.6489,14.3260,17.5789,11.4334,18.7197,13.0032,5.7373,10.9458,10.3265,7.1953,
16.8413,16.8283,22.4472,17.4299,21.2196,26.9698,9.9107,22.5517,13.4272,27.3206,20.3907,10.4567,28.1439,27.1354,8.0409,19.9226,12.1473,21.2951,8.6387,19.0725,22.7619,22.6984,23.9555,8.8727,3.2932,11.8014,9.7875,26.0244,7.4526,25.7013,11.3416,0.0000,23.2567,11.4158,16.6242,1.0229,22.4191,13.4353,19.1023,22.7617,18.2655,20.0907,8.2277,20.7810,19.2049,19.3391,22.8136,3.9479,18.3721,18.1525,21.2375,14.6879,19.0968,14.7921,23.7966,11.8139,12.6950,18.1067,26.8632,21.6028,17.6871,22.4673,6.6627,16.5421,11.5124,32.7207,27.5673,5.0688,16.7773,9.3724,18.7627,19.2516,14.8037,14.9942,14.8524,18.4579,5.9818,29.5974,10.6331,18.6976,8.8177,11.4073,23.8906,1.0600,30.7407,16.7262,10.4341,15.0527,5.0378,29.5881,21.6888,15.0645,20.7601,4.2608,9.7490,27.1209,10.3353,3.5988,16.1747,10.0565,10.5175,28.1274,7.8153,9.6545,21.6426,16.2989,9.5300,22.5185,18.5231,4.4850,9.6688,21.8765,0.5361,23.2320,24.6360,9.8333,21.5562,18.0240,3.1524,20.1895,26.9902,24.4568,9.8450,14.6584,29.7411,24.3299,11.0049,20.4725,14.7364,18.1143,
11.0595,7.1935,5.4698,6.5911,15.9917,11.6072,22.4095,3.4444,22.5276,7.1337,16.7655,16.7482,5.9974,6.9001,15.3880,12.4962,11.3686,3.2911,14.6577,4.1855,0.6770,2.7344,3.3345,14.9194,22.4875,20.7152,13.5567,12.2696,16.3579,6.0547,12.0450,23.2567,0.0000,12.4684,6.6753,23.3449,2.9423,12.7085,8.8871,3.6965,9.9834,6.6636,16.3186,5.3970,13.9784,4.1423,3.5969,22.5318,11.4629,6.8173,7.7900,20.8422,10.0105,8.4684,6.7718,21.4893,22.6343,11.3930,6.5247,8.1705,17.9013,11.1039,19.9847,22.8023,20.1709,12.9454,6.1186,20.5732,23.7375,19.8640,8.5490,13.7412,17.5431,19.4038,19.6907,15.8637,20.1796,7.0930,13.9696,4.8026,17.8263,24.3413,6.7232,23.4349,10.9441,25.8446,16.7439,23.7986,18.2238,9.7961,16.1016,14.4217,3.2463,19.3202,14.6407,5.6933,20.6274,20.6436,18.3347,13.2245,26.9534,11.8706,19.8720,15.6377,10.7744,10.2426,16.7036,3.5614,17.3376,19.1159,27.6644,9.8432,22.7366,4.5858,10.5133,13.9714,8.3145,5.3093,24.3599,9.8597,4.5454,5.8157,27.6020,19.4633,10.1225,3.6319,15.7323,11.3024,17.9570,7.6731,
6.2141,5.5164,11.0314,8.1594,12.3727,19.4949,10.5760,11.2352,16.6521,17.9321,12.0936,10.0158,18.0216,17.7118,5.1463,9.8202,1.3515,10.0589,3.2190,8.4034,11.8862,12.6469,13.9986,5.7388,10.1071,9.6380,2.1874,15.2302,6.4730,14.2873,1.4984,11.4158,12.4684,0.0000,6.4626,11.7633,12.4334,8.7368,7.9391,13.0263,7.3371,11.5827,3.8518,11.6955,9.7948,8.3464,13.0422,10.0982,12.6566,6.7427,13.2621,16.2114,12.4427,4.4766,15.0775,14.9845,16.3202,12.3729,15.4523,13.7730,10.7584,11.7461,7.5583,13.4347,13.7851,21.3627,17.7069,8.1130,14.2261,7.9737,7.5199,14.7705,13.9464,15.4013,15.5112,10.1270,10.5404,18.3126,6.7994,7.6828,9.8591,16.8618,12.4966,11.8565,19.3570,15.7536,9.9927,13.5165,6.7181,18.1916,17.9093,11.8144,10.6596,8.2452,6.6251,17.2400,9.0225,8.3523,15.4459,3.4078,18.2528,20.4160,11.2954,3.4225,10.8925,9.7478,4.6508,11.1916,11.0105,6.9796,18.3440,10.9048,10.9438,11.8366,13.6322,5.4487,10.3287,7.1817,13.3024,13.3565,15.7580,15.2652,18.3818,9.9560,18.3547,13.0093,4.3284,9.9301,8.8314,6.7208,
8.2429,3.3746,7.8796,2.1129,14.8117,13.3920,16.9958,6.9303,16.9689,11.4712,15.0943,10.6283,11.7115,11.2519,8.7131,11.3407,5.1691,5.5268,8.1024,2.5675,6.2421,6.2613,7.5973,8.2716,16.0727,15.8023,7.0668,14.3771,9.6961,10.5979,5.6545,16.6242,6.6753,6.4626,0.0000,16.6822,6.0240,7.0250,7.7210,6.5731,8.1296,5.4938,10.2112,5.3356,12.2342,3.2714,6.5935,16.1852,8.3031,4.7358,7.2939,15.6663,7.4517,2.0050,8.7153,15.6822,16.9316,8.0830,11.5767,7.8339,15.0159,11.6526,13.9565,18.9494,14.3450,18.1331,11.3088,14.3116,19.8269,14.3890,7.1423,10.7840,12.5791,14.3989,14.6311,13.5319,13.6039,13.4466,7.5271,2.8478,11.4708,18.3312,9.6927,16.7718,16.0359,21.6326,10.6187,19.4345,11.5864,14.8101,13.8268,9.5850,4.2653,12.6467,8.1060,10.8441,15.3672,14.1807,13.7369,6.5702,20.6711,14.2085,13.4668,9.8716,10.9316,5.7437,11.0738,6.9514,14.8372,12.6006,21.2508,10.3796,16.0995,8.0665,12.4793,7.3412,9.0549,1.9967,17.6883,8.0657,10.7922,8.8143,21.2091,15.4135,15.0672,8.5491,10.4713,10.6632,14.0322,5.6724,
17.3754,17.0884,22.7722,17.3692,21.9612,26.6091,10.9076,22.7887,12.4973,27.1676,21.1650,9.8775,28.0893,26.9881,8.0001,20.5431,12.3992,21.5051,8.8403,19.1707,22.8710,22.6681,23.9019,8.7149,4.2935,12.7458,10.0079,26.5779,7.2598,26.0137,11.5618,1.0229,23.3449,11.7633,16.6822,0.0000,22.3820,13.0750,19.5593,22.6877,18.7661,19.9050,8.7878,20.6487,19.8857,19.4961,22.7439,4.9538,17.9578,18.4661,20.9821,13.8294,18.7502,14.9067,23.5910,10.9137,11.7560,17.6991,27.1660,21.3284,18.5172,23.0218,7.5398,17.5134,10.6748,33.1194,27.4766,5.9466,17.7643,10.2807,19.1974,18.7219,14.0956,14.1977,14.0427,19.2127,5.2556,29.8033,10.3586,18.8645,8.2107,10.4098,24.2598,0.0932,31.1198,17.7406,9.8563,16.0510,5.1661,29.9546,21.0729,14.5284,20.7547,4.0860,9.4842,27.0356,11.2785,4.3716,15.4297,10.1207,9.4992,27.7816,7.0425,10.2550,22.1891,16.0026,10.2300,22.7605,19.3296,4.9902,8.6762,22.3849,1.0674,23.5178,25.1454,9.6898,22.0022,18.1632,2.1691,19.8411,27.1800,24.2999,8.8472,15.5538,30.1177,24.5640,11.6838,21.0437,15.5779,18.4833,
12.4810,7.8813,8.0527,5.0233,18.0999,9.0421,22.8513,6.0753,20.2177,5.6003,18.7414,14.8567,5.7332,5.3689,14.3906,14.5243,11.1740,5.4021,14.0571,4.2741,3.2610,0.3211,1.5734,13.7169,22.0633,21.4422,13.0644,15.0464,15.1839,8.9944,11.6777,22.4191,2.9423,12.4334,6.0240,22.3820,0.0000,10.7023,10.7355,0.8779,11.6803,3.9161,16.2243,2.6235,15.8703,4.9614,0.8147,22.1942,8.7302,8.1171,4.8623,18.3988,7.2351,8.0252,4.0338,19.3158,20.3918,8.6928,9.4517,5.2303,19.4880,13.5435,19.9666,24.0612,18.0270,15.7834,5.2852,20.3338,24.9787,20.2529,10.2928,10.9117,15.0802,16.9218,17.2228,17.6083,18.7104,9.5450,12.4433,5.4686,16.1071,22.2550,9.5035,22.4685,13.8182,26.9624,14.8563,24.8303,17.4047,12.6926,13.1796,11.9969,1.7740,18.2992,13.2107,4.8202,21.1550,20.1571,15.7468,12.4087,25.0504,9.4863,18.1689,15.8027,13.1054,7.9342,16.9695,6.1824,19.0522,18.5546,25.8892,12.2336,21.8869,7.3442,13.2339,12.7403,10.6808,5.5344,23.1652,6.9824,7.2094,3.3864,25.8040,20.6018,13.0246,6.5617,16.2149,13.4378,19.1308,9.1252,
13.7774,9.8310,14.9042,6.1544,20.4718,13.5386,17.9119,13.8417,9.9801,14.5488,20.4322,4.1709,15.9929,14.3993,6.1857,17.3383,7.7085,12.4533,7.4579,9.2887,12.4986,11.0221,11.9905,4.9828,14.3186,17.7521,7.3350,21.2519,6.1407,17.5295,7.2387,13.4353,12.7085,8.7368,7.0250,13.0750,10.7023,0.0000,14.1771,10.6990,14.2317,7.3368,10.7233,8.3783,17.8128,10.2238,10.7834,14.7065,4.9911,11.4439,8.0615,8.6529,5.6754,6.7561,10.8089,8.8053,9.9986,4.7131,18.4415,8.3481,19.4454,18.2753,13.8685,22.0024,7.4767,25.0454,15.1773,13.4191,22.7360,15.5416,13.6021,6.4345,5.6863,7.4416,7.6524,18.5713,8.4828,19.7979,2.9514,9.8650,5.5689,11.6334,16.7177,13.1469,22.9525,24.0212,4.1726,21.7975,9.0754,21.7303,9.4404,3.0912,9.5169,9.2084,3.8068,14.7813,16.7847,12.4567,7.0185,5.7954,14.3484,14.7068,7.5990,11.3770,17.4868,3.0543,12.5581,13.8771,19.6057,10.8644,15.2105,17.0813,12.9124,15.0426,19.3794,4.2920,15.8902,9.0184,13.2847,6.7661,17.2046,11.7251,15.1170,18.6039,22.0024,15.3370,12.8134,16.9600,17.5514,12.1967,
2.7196,4.4164,4.3927,9.6703,7.4219,19.6864,15.0358,5.8407,23.6304,15.9569,8.0062,16.9329,14.8006,15.7202,12.9050,3.8313,7.7922,5.5987,11.1402,7.0198,8.2201,10.7510,11.8929,13.1942,17.2225,12.8637,10.0303,7.3880,14.2161,7.3664,8.6889,19.1023,8.8871,7.9391,7.7210,19.5593,10.7355,14.1771,0.0000,11.6017,1.2224,12.4946,10.9314,11.7725,5.1411,5.9669,11.5486,17.0280,16.0098,3.0276,14.2593,22.7061,15.0585,7.4210,14.6478,22.1130,23.4360,15.7966,8.5351,14.7877,9.0404,4.1160,13.8792,14.1277,20.8184,13.6836,15.0043,14.9915,15.0690,12.7740,0.5825,18.4991,19.8634,21.5948,21.7852,6.9770,18.3726,12.0972,13.5230,5.7096,17.2207,24.3488,5.1598,19.6518,11.7800,17.2770,16.9153,15.3644,14.6307,10.6970,21.5127,17.0501,9.4092,16.1819,13.7106,14.5803,13.1780,15.7387,21.1583,10.7878,26.0431,20.2103,18.9101,9.6527,3.3108,13.4418,10.2659,5.7345,8.4505,14.6184,26.2276,3.0381,18.6677,5.5653,5.7052,12.5874,2.4613,6.2084,21.2035,15.5285,9.9982,14.1204,26.2533,10.9903,10.8012,7.1820,8.8807,2.9554,9.4842,2.0494,
