0.00000,7.80000,18.75000,26.55000,69.82500,52.32500,25.17500,8.30000,157.67500,165.17500,180.17500,187.67500,195.17500,195.17500,204.55000,170.17500,179.55000,149.55000,144.55000,134.55000,129.55000,90.17500,96.42500,81.42500,75.17500,77.67500,32.67500,40.17500,47.67500,74.82500,67.32500,59.82500,89.82500,82.32500,55.17500,60.17500,93.92500,87.67500,102.67500,108.92500,146.42500,150.17500,155.17500,160.17500,165.17500,195.17500,202.67500,210.17500,217.67500,225.17500,232.67500,203.92500,208.30000,178.92500,111.42500,119.55000,130.17500,111.42500,87.32500,106.07500,97.95000,124.82500,186.70000,190.60000,165.45000,154.82500,169.20000,194.50000,198.40000,202.30000,206.20000,210.10000,214.00000,217.90000,221.80000,225.70000,229.60000,233.50000,237.40000,241.30000,196.07500,190.45000,172.95000,182.95000,248.92500,261.42500,264.55000,289.55000,312.05000,277.05000,268.30000,245.20000,249.10000,253.00000,256.90000,260.80000,264.70000,268.60000,272.50000,276.40000,285.17500,316.42500,330.17500,365.17500,394.80000,390.90000,387.00000,383.10000,379.20000,375.30000,371.40000,367.50000,363.60000,359.70000,251.70000,255.60000,259.50000,263.40000,267.30000,271.20000,275.10000,279.00000,282.90000,286.80000,0.00000
7.80000,0.00000,10.95000,18.75000,62.02500,44.52500,32.97500,16.10000,165.47500,172.97500,187.97500,195.47500,202.97500,202.97500,212.35000,177.97500,187.35000,157.35000,152.35000,142.35000,137.35000,97.97500,104.22500,89.22500,82.97500,85.47500,40.47500,47.97500,55.47500,67.02500,59.52500,52.02500,82.02500,74.52500,62.97500,67.97500,101.72500,95.47500,110.47500,116.72500,154.22500,157.97500,162.97500,167.97500,172.97500,202.97500,210.47500,217.97500,225.47500,232.97500,240.47500,211.72500,216.10000,186.72500,119.22500,127.35000,137.97500,119.22500,79.52500,98.27500,90.15000,117.02500,178.90000,182.80000,157.65000,147.02500,161.40000,186.70000,190.60000,194.50000,198.40000,202.30000,206.20000,210.10000,214.00000,217.90000,221.80000,225.70000,229.60000,233.50000,188.27500,182.65000,165.15000,175.15000,256.72500,269.22500,272.35000,297.35000,319.85000,284.85000,276.10000,237.40000,241.30000,245.20000,249.10000,253.00000,256.90000,260.80000,264.70000,268.60000,292.97500,324.22500,337.97500,372.97500,402.60000,398.70000,394.80000,390.90000,387.00000,383.10000,379.20000,375.30000,371.40000,367.50000,243.90000,247.80000,251.70000,255.60000,259.50000,263.40000,267.30000,271.20000,275.10000,279.00000,7.80000
18.75000,10.95000,0.00000,7.80000,51.07500,33.57500,43.92500,27.05000,176.42500,183.92500,198.92500,206.42500,213.92500,213.92500,223.30000,188.92500,198.30000,168.30000,163.30000,153.30000,148.30000,108.92500,115.17500,100.17500,93.92500,96.42500,51.42500,58.92500,66.42500,56.07500,48.57500,41.07500,71.07500,63.57500,73.92500,78.92500,112.67500,106.42500,121.42500,127.67500,165.17500,168.92500,173.92500,178.92500,183.92500,213.92500,221.42500,228.92500,236.42500,243.92500,251.42500,222.67500,227.05000,197.67500,130.17500,138.30000,148.92500,130.17500,87.67500,106.42500,95.80000,106.07500,167.95000,171.85000,146.70000,136.07500,150.45000,175.75000,179.65000,183.55000,187.45000,191.35000,195.25000,199.15000,203.05000,206.95000,210.85000,214.75000,218.65000,222.55000,177.32500,171.70000,154.55000,175.80000,267.67500,280.17500,283.30000,308.30000,330.80000,295.80000,287.05000,226.45000,230.35000,234.25000,238.15000,242.05000,245.95000,249.85000,253.75000,257.65000,303.92500,335.17500,348.92500,383.92500,413.55000,409.65000,405.75000,401.85000,397.95000,394.05000,390.15000,386.25000,382.35000,378.45000,232.95000,236.85000,240.75000,244.65000,248.55000,252.45000,256.35000,260.25000,264.15000,268.05000,18.75000
26.55000,18.75000,7.80000,0.00000,43.27500,25.77500,51.72500,34.85000,184.22500,191.72500,206.72500,214.22500,221.72500,221.72500,231.10000,196.72500,206.10000,176.10000,171.10000,161.10000,156.10000,116.72500,122.97500,107.97500,101.72500,104.22500,59.22500,66.72500,74.22500,48.27500,40.77500,33.27500,63.27500,55.77500,81.72500,86.72500,120.47500,114.22500,129.22500,135.47500,172.97500,176.72500,181.72500,186.72500,191.72500,221.72500,229.22500,236.72500,244.22500,251.72500,259.22500,230.47500,234.85000,205.47500,137.97500,146.10000,156.72500,137.97500,95.47500,114.22500,103.60000,98.27500,160.15000,164.05000,138.90000,128.27500,152.35000,167.95000,171.85000,175.75000,179.65000,183.55000,187.45000,191.35000,195.25000,199.15000,203.05000,206.95000,210.85000,214.75000,169.52500,176.10000,162.35000,183.60000,275.47500,287.97500,291.10000,316.10000,338.60000,303.60000,294.85000,218.65000,222.55000,226.45000,230.35000,234.25000,238.15000,242.05000,245.95000,249.85000,311.72500,342.97500,356.72500,391.72500,421.35000,417.45000,413.55000,409.65000,405.75000,401.85000,397.95000,394.05000,390.15000,386.25000,230.35000,229.05000,232.95000,236.85000,240.75000,244.65000,248.55000,252.45000,256.35000,260.25000,26.55000
69.82500,62.02500,51.07500,43.27500,0.00000,18.75000,46.25000,73.12500,180.00000,187.50000,202.50000,210.00000,217.50000,216.25000,225.62500,191.25000,200.62500,170.62500,165.62500,155.62500,150.62500,111.25000,117.50000,102.50000,96.25000,98.75000,53.75000,61.25000,68.75000,41.25000,33.75000,26.25000,56.25000,48.75000,76.25000,81.25000,115.00000,108.75000,123.75000,130.00000,167.50000,171.25000,176.25000,181.25000,186.25000,216.25000,223.75000,231.25000,238.75000,246.25000,253.75000,225.00000,229.37500,200.00000,132.50000,140.62500,151.25000,132.50000,90.00000,108.75000,98.12500,90.00000,116.87500,120.77500,105.62500,106.25000,146.87500,124.67500,128.57500,132.47500,136.37500,140.27500,144.17500,148.07500,151.97500,155.87500,159.77500,163.67500,167.57500,171.47500,160.00000,170.62500,156.87500,178.12500,270.00000,282.50000,285.62500,310.62500,333.12500,298.12500,289.37500,175.37500,179.27500,183.17500,187.07500,190.97500,194.87500,198.77500,202.67500,206.57500,306.25000,337.50000,351.25000,386.25000,415.87500,411.97500,408.07500,404.17500,400.27500,396.37500,392.47500,388.57500,384.67500,380.77500,224.87500,220.97500,217.07500,213.17500,209.27500,205.37500,205.27500,209.17500,213.07500,216.97500,69.82500
52.32500,44.52500,33.57500,25.77500,18.75000,0.00000,27.50000,55.62500,162.50000,170.00000,185.00000,192.50000,200.00000,197.50000,206.87500,172.50000,181.87500,151.87500,146.87500,136.87500,131.87500,92.50000,98.75000,83.75000,77.50000,80.00000,35.00000,42.50000,50.00000,22.50000,15.00000,7.50000,37.50000,30.00000,57.50000,62.50000,96.25000,90.00000,105.00000,111.25000,148.75000,152.50000,157.50000,162.50000,167.50000,197.50000,205.00000,212.50000,220.00000,227.50000,235.00000,206.25000,210.62500,181.25000,113.75000,121.87500,132.50000,113.75000,71.25000,90.00000,79.37500,72.50000,134.37500,138.27500,113.12500,102.50000,128.12500,142.17500,146.07500,149.97500,153.87500,157.77500,161.67500,165.57500,169.47500,173.37500,177.27500,181.17500,185.07500,188.97500,143.75000,151.87500,138.12500,159.37500,251.25000,263.75000,266.87500,291.87500,314.37500,279.37500,270.62500,192.87500,196.77500,200.67500,204.57500,208.47500,212.37500,216.27500,220.17500,224.07500,287.50000,318.75000,332.50000,367.50000,397.12500,393.22500,389.32500,385.42500,381.52500,377.62500,373.72500,369.82500,365.92500,362.02500,206.12500,203.27500,207.17500,211.07500,214.97500,218.87500,222.77500,226.67500,230.57500,234.47500,52.32500
25.17500,32.97500,43.92500,51.72500,46.25000,27.50000,0.00000,28.12500,135.00000,142.50000,157.50000,165.00000,172.50000,170.00000,179.37500,145.00000,154.37500,124.37500,119.37500,109.37500,104.37500,65.00000,71.25000,56.25000,50.00000,52.50000,7.50000,15.00000,22.50000,50.00000,42.50000,35.00000,65.00000,57.50000,30.00000,35.00000,68.75000,62.50000,77.50000,83.75000,121.25000,125.00000,130.00000,135.00000,140.00000,170.00000,177.50000,185.00000,192.50000,200.00000,207.50000,178.75000,183.12500,153.75000,86.25000,94.37500,105.00000,86.25000,62.50000,81.25000,73.12500,100.00000,161.87500,165.77500,140.62500,130.00000,144.37500,169.67500,173.57500,177.47500,181.37500,185.27500,189.17500,193.07500,196.97500,200.87500,204.77500,208.67500,212.57500,216.47500,171.25000,165.62500,148.12500,158.12500,223.75000,236.25000,239.37500,264.37500,286.87500,251.87500,243.12500,220.37500,224.27500,228.17500,232.07500,235.97500,239.87500,243.77500,247.67500,251.57500,260.00000,291.25000,305.00000,340.00000,369.62500,365.72500,361.82500,357.92500,354.02500,350.12500,346.22500,342.32500,338.42500,334.52500,226.87500,230.77500,234.67500,238.57500,242.47500,246.37500,250.27500,254.17500,258.07500,261.97500,25.17500
8.30000,16.10000,27.05000,34.85000,73.12500,55.62500,28.12500,0.00000,149.37500,156.87500,171.87500,179.37500,186.87500,186.87500,196.25000,161.87500,171.25000,141.25000,136.25000,126.25000,121.25000,81.87500,88.12500,73.12500,66.87500,69.37500,35.62500,43.12500,50.62500,78.12500,70.62500,63.12500,93.12500,85.62500,58.12500,63.12500,85.62500,79.37500,94.37500,100.62500,138.12500,141.87500,146.87500,151.87500,156.87500,186.87500,194.37500,201.87500,209.37500,216.87500,224.37500,195.62500,200.00000,170.62500,103.12500,111.25000,121.87500,103.12500,90.62500,109.37500,101.25000,128.12500,190.00000,193.90000,168.75000,158.12500,172.50000,197.80000,201.70000,205.60000,209.50000,213.40000,217.30000,221.20000,225.10000,229.00000,232.90000,236.80000,240.70000,244.60000,199.37500,193.75000,176.25000,186.25000,240.62500,253.12500,256.25000,281.25000,303.75000,268.75000,260.00000,248.50000,252.40000,256.30000,260.20000,264.10000,268.00000,271.90000,275.80000,279.70000,276.87500,308.12500,321.87500,356.87500,386.50000,382.60000,378.70000,374.80000,370.90000,367.00000,363.10000,359.20000,355.30000,351.40000,255.00000,258.90000,262.80000,266.70000,270.60000,274.50000,278.40000,282.30000,286.20000,290.10000,8.30000
157.67500,165.47500,176.42500,184.22500,180.00000,162.50000,135.00000,149.37500,0.00000,7.50000,22.50000,30.00000,37.50000,37.50000,46.87500,16.25000,25.62500,60.62500,65.62500,75.62500,80.62500,101.25000,107.50000,122.50000,116.25000,136.25000,142.50000,150.00000,157.50000,185.00000,177.50000,170.00000,200.00000,192.50000,165.00000,170.00000,135.00000,128.75000,113.75000,120.00000,95.00000,91.25000,86.25000,81.25000,76.25000,37.50000,45.00000,52.50000,60.00000,67.50000,75.00000,67.50000,70.62500,92.50000,162.50000,173.12500,181.25000,200.00000,197.50000,216.25000,208.12500,235.00000,296.87500,300.77500,275.62500,265.00000,279.37500,304.67500,308.57500,312.47500,316.37500,320.27500,324.17500,328.07500,331.97500,335.87500,339.77500,343.67500,347.57500,351.47500,306.25000,300.62500,283.12500,293.12500,193.75000,176.25000,171.87500,146.87500,156.87500,195.62500,243.12500,355.37500,359.27500,363.17500,367.07500,370.97500,374.87500,378.77500,382.67500,386.57500,267.50000,225.00000,197.50000,207.50000,237.12500,233.22500,229.32500,225.42500,221.52500,217.62500,213.72500,209.82500,205.92500,205.97500,361.87500,365.77500,369.67500,373.57500,377.47500,381.37500,385.27500,389.17500,393.07500,396.97500,157.67500
165.17500,172.97500,183.92500,191.72500,187.50000,170.00000,142.50000,156.87500,7.50000,0.00000,15.00000,22.50000,30.00000,30.00000,39.37500,23.75000,33.12500,68.12500,73.12500,83.12500,88.12500,108.75000,115.00000,130.00000,123.75000,143.75000,150.00000,157.50000,165.00000,192.50000,185.00000,177.50000,207.50000,200.00000,172.50000,177.50000,142.50000,136.25000,121.25000,127.50000,102.50000,98.75000,93.75000,88.75000,83.75000,45.00000,37.50000,45.00000,52.50000,60.00000,67.50000,75.00000,78.12500,100.00000,170.00000,180.62500,188.75000,207.50000,205.00000,223.75000,215.62500,242.50000,304.37500,308.27500,283.12500,272.50000,286.87500,312.17500,316.07500,319.97500,323.87500,327.77500,331.67500,335.57500,339.47500,343.37500,347.27500,351.17500,355.07500,358.97500,313.75000,308.12500,290.62500,300.62500,201.25000,183.75000,179.37500,154.37500,164.37500,203.12500,250.62500,362.87500,366.77500,370.67500,374.57500,378.47500,382.37500,386.27500,390.17500,394.07500,275.00000,232.50000,205.00000,200.00000,229.62500,225.72500,221.82500,217.92500,214.02500,210.12500,206.22500,205.67500,209.57500,213.47500,369.37500,373.27500,377.17500,381.07500,384.97500,388.87500,392.77500,396.67500,400.57500,404.47500,165.17500
180.17500,187.97500,198.92500,206.72500,202.50000,185.00000,157.50000,171.87500,22.50000,15.00000,0.00000,7.50000,15.00000,15.00000,24.37500,38.75000,48.12500,83.12500,88.12500,98.12500,103.12500,123.75000,130.00000,145.00000,138.75000,158.75000,165.00000,172.50000,180.00000,207.50000,200.00000,192.50000,222.50000,215.00000,187.50000,192.50000,157.50000,151.25000,136.25000,142.50000,117.50000,113.75000,108.75000,103.75000,98.75000,60.00000,52.50000,45.00000,37.50000,45.00000,52.50000,90.00000,93.12500,115.00000,185.00000,195.62500,203.75000,222.50000,220.00000,238.75000,230.62500,257.50000,319.37500,323.27500,298.12500,287.50000,301.87500,327.17500,331.07500,334.97500,338.87500,342.77500,346.67500,350.57500,354.47500,358.37500,362.27500,366.17500,370.07500,373.97500,328.75000,323.12500,305.62500,315.62500,216.25000,198.75000,194.37500,169.37500,179.37500,218.12500,265.62500,377.87500,381.77500,385.67500,389.57500,393.47500,397.37500,401.27500,405.17500,409.07500,290.00000,247.50000,220.00000,186.25000,214.62500,210.72500,206.82500,205.07500,208.97500,212.87500,216.77500,220.67500,224.57500,228.47500,384.37500,388.27500,392.17500,396.07500,399.97500,403.87500,407.77500,411.67500,415.57500,419.47500,180.17500
187.67500,195.47500,206.42500,214.22500,210.00000,192.50000,165.00000,179.37500,30.00000,22.50000,7.50000,0.00000,7.50000,21.25000,30.62500,46.25000,55.62500,90.62500,95.62500,105.62500,110.62500,131.25000,137.50000,152.50000,146.25000,166.25000,172.50000,180.00000,187.50000,215.00000,207.50000,200.00000,230.00000,222.50000,195.00000,200.00000,165.00000,158.75000,143.75000,150.00000,125.00000,121.25000,116.25000,111.25000,106.25000,67.50000,60.00000,52.50000,45.00000,37.50000,45.00000,97.50000,100.62500,122.50000,192.50000,203.12500,211.25000,230.00000,227.50000,246.25000,238.12500,265.00000,326.87500,330.77500,305.62500,295.00000,309.37500,334.67500,338.57500,342.47500,346.37500,350.27500,354.17500,358.07500,361.97500,365.87500,369.77500,373.67500,377.57500,381.47500,336.25000,330.62500,313.12500,323.12500,223.75000,206.25000,201.87500,176.87500,186.87500,225.62500,273.12500,385.37500,389.27500,393.17500,397.07500,400.97500,404.87500,408.77500,412.67500,416.57500,297.50000,255.00000,227.50000,193.75000,207.12500,204.77500,208.67500,212.57500,216.47500,220.37500,224.27500,228.17500,232.07500,235.97500,391.87500,395.77500,399.67500,403.57500,407.47500,411.37500,415.27500,419.17500,423.07500,426.97500,187.67500
195.17500,202.97500,213.92500,221.72500,217.50000,200.00000,172.50000,186.87500,37.50000,30.00000,15.00000,7.50000,0.00000,28.75000,38.12500,53.75000,63.12500,98.12500,103.12500,113.12500,118.12500,138.75000,145.00000,160.00000,153.75000,173.75000,180.00000,187.50000,195.00000,222.50000,215.00000,207.50000,237.50000,230.00000,202.50000,207.50000,172.50000,166.25000,151.25000,157.50000,132.50000,128.75000,123.75000,118.75000,113.75000,75.00000,67.50000,60.00000,52.50000,45.00000,37.50000,105.00000,108.12500,130.00000,200.00000,210.62500,218.75000,237.50000,235.00000,253.75000,245.62500,272.50000,334.37500,338.27500,313.12500,302.50000,316.87500,342.17500,346.07500,349.97500,353.87500,357.77500,361.67500,365.57500,369.47500,373.37500,377.27500,381.17500,385.07500,388.97500,343.75000,338.12500,320.62500,330.62500,231.25000,213.75000,209.37500,184.37500,194.37500,233.12500,280.62500,392.87500,396.77500,400.67500,404.57500,408.47500,412.37500,416.27500,420.17500,424.07500,305.00000,262.50000,235.00000,201.25000,208.37500,212.27500,216.17500,220.07500,223.97500,227.87500,231.77500,235.67500,239.57500,243.47500,399.37500,403.27500,407.17500,411.07500,414.97500,418.87500,422.77500,426.67500,430.57500,434.47500,195.17500
195.17500,202.97500,213.92500,221.72500,216.25000,197.50000,170.00000,186.87500,37.50000,30.00000,15.00000,21.25000,28.75000,0.00000,9.37500,25.00000,34.37500,69.37500,74.37500,84.37500,89.37500,110.00000,116.25000,131.25000,125.00000,145.00000,162.50000,158.75000,166.25000,193.75000,186.25000,190.00000,208.75000,201.25000,173.75000,178.75000,143.75000,137.50000,122.50000,128.75000,103.75000,100.00000,95.00000,90.00000,85.00000,46.25000,38.75000,31.25000,23.75000,30.00000,37.50000,76.25000,79.37500,101.25000,171.25000,181.87500,190.00000,208.75000,206.25000,225.00000,216.87500,243.75000,305.62500,309.52500,284.37500,273.75000,288.12500,313.42500,317.32500,321.22500,325.12500,329.02500,332.92500,336.82500,340.72500,344.62500,348.52500,352.42500,356.32500,360.22500,315.00000,309.37500,291.87500,301.87500,202.50000,185.00000,180.62500,155.62500,165.62500,204.37500,251.87500,364.12500,368.02500,371.92500,375.82500,379.72500,383.62500,387.52500,391.42500,395.32500,276.25000,233.75000,206.25000,172.50000,199.62500,195.72500,191.82500,191.32500,195.22500,199.12500,203.02500,206.92500,210.82500,214.72500,370.62500,374.52500,378.42500,382.32500,386.22500,390.12500,394.02500,397.92500,401.82500,405.72500,195.17500
204.55000,212.35000,223.30000,231.10000,225.62500,206.87500,179.37500,196.25000,46.87500,39.37500,24.37500,30.62500,38.12500,9.37500,0.00000,34.37500,25.00000,60.00000,65.00000,75.00000,80.00000,114.37500,108.12500,123.12500,129.37500,135.62500,171.87500,164.37500,156.87500,184.37500,191.87500,199.37500,199.37500,191.87500,164.37500,169.37500,134.37500,128.12500,113.12500,119.37500,94.37500,90.62500,85.62500,80.62500,75.62500,36.87500,29.37500,21.87500,14.37500,20.62500,28.12500,66.87500,70.00000,91.87500,161.87500,172.50000,180.62500,199.37500,196.87500,215.62500,207.50000,234.37500,296.25000,300.15000,275.00000,264.37500,278.75000,304.05000,307.95000,311.85000,315.75000,319.65000,323.55000,327.45000,331.35000,335.25000,339.15000,343.05000,346.95000,350.85000,305.62500,300.00000,282.50000,292.50000,193.12500,175.62500,171.25000,146.25000,156.25000,195.00000,242.50000,354.75000,358.65000,362.55000,366.45000,370.35000,374.25000,378.15000,382.05000,385.95000,266.87500,224.37500,196.87500,163.12500,190.25000,186.35000,182.45000,181.95000,185.85000,189.75000,193.65000,197.55000,201.45000,205.35000,361.25000,365.15000,369.05000,372.95000,376.85000,380.75000,384.65000,388.55000,392.45000,396.35000,204.55000
170.17500,177.97500,188.92500,196.72500,191.25000,172.50000,145.00000,161.87500,16.25000,23.75000,38.75000,46.25000,53.75000,25.00000,34.37500,0.00000,9.37500,44.37500,49.37500,59.37500,64.37500,85.00000,91.25000,106.25000,100.00000,120.00000,137.50000,133.75000,141.25000,168.75000,161.25000,165.00000,183.75000,176.25000,148.75000,153.75000,118.75000,112.50000,97.50000,103.75000,78.75000,75.00000,70.00000,65.00000,60.00000,25.00000,32.50000,40.00000,47.50000,55.00000,62.50000,51.25000,54.37500,76.25000,146.25000,156.87500,165.00000,183.75000,181.25000,200.00000,191.87500,218.75000,280.62500,284.52500,259.37500,248.75000,263.12500,288.42500,292.32500,296.22500,300.12500,304.02500,307.92500,311.82500,315.72500,319.62500,323.52500,327.42500,331.32500,335.22500,290.00000,284.37500,266.87500,276.87500,177.50000,160.00000,155.62500,130.62500,141.87500,179.37500,226.87500,339.12500,343.02500,346.92500,350.82500,354.72500,358.62500,362.52500,366.42500,370.32500,251.25000,208.75000,181.25000,195.00000,224.62500,220.72500,216.82500,212.92500,209.02500,205.12500,201.22500,197.32500,193.42500,189.72500,345.62500,349.52500,353.42500,357.32500,361.22500,365.12500,369.02500,372.92500,376.82500,380.72500,170.17500
179.55000,187.35000,198.30000,206.10000,200.62500,181.87500,154.37500,171.25000,25.62500,33.12500,48.12500,55.62500,63.12500,34.37500,25.00000,9.37500,0.00000,35.00000,40.00000,50.00000,55.00000,89.37500,83.12500,98.12500,104.37500,110.62500,146.87500,139.37500,131.87500,159.37500,166.87500,174.37500,174.37500,166.87500,139.37500,144.37500,109.37500,103.12500,88.12500,94.37500,69.37500,65.62500,60.62500,55.62500,50.62500,15.62500,23.12500,30.62500,38.12500,45.62500,53.12500,41.87500,45.00000,66.87500,136.87500,147.50000,155.62500,174.37500,171.87500,190.62500,182.50000,209.37500,271.25000,275.15000,250.00000,239.37500,253.75000,279.05000,282.95000,286.85000,290.75000,294.65000,298.55000,302.45000,306.35000,310.25000,314.15000,318.05000,321.95000,325.85000,280.62500,275.00000,257.50000,267.50000,168.12500,150.62500,146.25000,121.25000,132.50000,170.00000,217.50000,329.75000,333.65000,337.55000,341.45000,345.35000,349.25000,353.15000,357.05000,360.95000,241.87500,199.37500,171.87500,185.62500,215.25000,211.35000,207.45000,203.55000,199.65000,195.75000,191.85000,187.95000,184.05000,180.35000,336.25000,340.15000,344.05000,347.95000,351.85000,355.75000,359.65000,363.55000,367.45000,371.35000,179.55000
149.55000,157.35000,168.30000,176.10000,170.62500,151.87500,124.37500,141.25000,60.62500,68.12500,83.12500,90.62500,98.12500,69.37500,60.00000,44.37500,35.00000,0.00000,5.00000,15.00000,20.00000,59.37500,53.12500,68.12500,74.37500,75.62500,116.87500,109.37500,101.87500,129.37500,136.87500,144.37500,139.37500,131.87500,104.37500,109.37500,74.37500,68.12500,53.12500,59.37500,34.37500,30.62500,25.62500,20.62500,15.62500,45.62500,53.12500,60.62500,68.12500,75.62500,83.12500,54.37500,58.75000,31.87500,101.87500,112.50000,120.62500,139.37500,136.87500,155.62500,147.50000,174.37500,236.25000,240.15000,215.00000,204.37500,218.75000,244.05000,247.95000,251.85000,255.75000,259.65000,263.55000,267.45000,271.35000,275.25000,279.15000,283.05000,286.95000,290.85000,245.62500,240.00000,222.50000,232.50000,133.12500,115.62500,115.00000,140.00000,162.50000,135.00000,182.50000,294.75000,298.65000,302.55000,306.45000,310.35000,314.25000,318.15000,322.05000,325.95000,206.87500,166.87500,180.62500,215.62500,245.25000,241.35000,237.45000,233.55000,229.65000,225.75000,221.85000,217.95000,214.05000,210.15000,301.25000,305.15000,309.05000,312.95000,316.85000,320.75000,324.65000,328.55000,332.45000,336.35000,149.55000
144.55000,152.35000,163.30000,171.10000,165.62500,146.87500,119.37500,136.25000,65.62500,73.12500,88.12500,95.62500,103.12500,74.37500,65.00000,49.37500,40.00000,5.00000,0.00000,10.00000,15.00000,54.37500,48.12500,63.12500,69.37500,70.62500,111.87500,104.37500,96.87500,124.37500,131.87500,139.37500,134.37500,126.87500,99.37500,104.37500,69.37500,63.12500,48.12500,54.37500,29.37500,25.62500,20.62500,15.62500,20.62500,50.62500,58.12500,65.62500,73.12500,80.62500,88.12500,59.37500,63.75000,34.37500,96.87500,107.50000,115.62500,134.37500,131.87500,150.62500,142.50000,169.37500,231.25000,235.15000,210.00000,199.37500,213.75000,239.05000,242.95000,246.85000,250.75000,254.65000,258.55000,262.45000,266.35000,270.25000,274.15000,278.05000,281.95000,285.85000,240.62500,235.00000,217.50000,227.50000,128.12500,116.87500,120.00000,145.00000,167.50000,132.50000,177.50000,289.75000,293.65000,297.55000,301.45000,305.35000,309.25000,313.15000,317.05000,320.95000,201.87500,171.87500,185.62500,220.62500,250.25000,246.35000,242.45000,238.55000,234.65000,230.75000,226.85000,222.95000,219.05000,215.15000,296.25000,300.15000,304.05000,307.95000,311.85000,315.75000,319.65000,323.55000,327.45000,331.35000,144.55000
134.55000,142.35000,153.30000,161.10000,155.62500,136.87500,109.37500,126.25000,75.62500,83.12500,98.12500,105.62500,113.12500,84.37500,75.00000,59.37500,50.00000,15.00000,10.00000,0.00000,5.00000,44.37500,38.12500,53.12500,59.37500,60.62500,101.87500,94.37500,86.87500,114.37500,121.87500,129.37500,124.37500,116.87500,89.37500,94.37500,59.37500,53.12500,38.12500,44.37500,19.37500,15.62500,20.62500,25.62500,30.62500,60.62500,68.12500,75.62500,83.12500,90.62500,98.12500,69.37500,73.75000,44.37500,86.87500,97.50000,105.62500,124.37500,121.87500,140.62500,132.50000,159.37500,221.25000,225.15000,200.00000,189.37500,203.75000,229.05000,232.95000,236.85000,240.75000,244.65000,248.55000,252.45000,256.35000,260.25000,264.15000,268.05000,271.95000,275.85000,230.62500,225.00000,207.50000,217.50000,118.12500,126.87500,130.00000,155.00000,177.50000,142.50000,167.50000,279.75000,283.65000,287.55000,291.45000,295.35000,299.25000,303.15000,307.05000,310.95000,191.87500,181.87500,195.62500,230.62500,260.25000,256.35000,252.45000,248.55000,244.65000,240.75000,236.85000,232.95000,229.05000,225.15000,286.25000,290.15000,294.05000,297.95000,301.85000,305.75000,309.65000,313.55000,317.45000,321.35000,134.55000
129.55000,137.35000,148.30000,156.10000,150.62500,131.87500,104.37500,121.25000,80.62500,88.12500,103.12500,110.62500,118.12500,89.37500,80.00000,64.37500,55.00000,20.00000,15.00000,5.00000,0.00000,39.37500,33.12500,48.12500,54.37500,55.62500,96.87500,89.37500,81.87500,109.37500,116.87500,124.37500,119.37500,111.87500,84.37500,89.37500,54.37500,48.12500,33.12500,39.37500,16.87500,20.62500,25.62500,30.62500,35.62500,65.62500,73.12500,80.62500,88.12500,95.62500,103.12500,74.37500,78.75000,49.37500,81.87500,92.50000,100.62500,119.37500,116.87500,135.62500,127.50000,154.37500,216.25000,220.15000,195.00000,184.37500,198.75000,224.05000,227.95000,231.85000,235.75000,239.65000,243.55000,247.45000,251.35000,255.25000,259.15000,263.05000,266.95000,270.85000,225.62500,220.00000,202.50000,212.50000,119.37500,131.87500,135.00000,160.00000,182.50000,147.50000,162.50000,274.75000,278.65000,282.55000,286.45000,290.35000,294.25000,298.15000,302.05000,305.95000,186.87500,186.87500,200.62500,235.62500,265.25000,261.35000,257.45000,253.55000,249.65000,245.75000,241.85000,237.95000,234.05000,230.15000,281.25000,285.15000,289.05000,292.95000,296.85000,300.75000,304.65000,308.55000,312.45000,316.35000,129.55000
90.17500,97.97500,108.92500,116.72500,111.25000,92.50000,65.00000,81.87500,101.25000,108.75000,123.75000,131.25000,138.75000,110.00000,114.37500,85.00000,89.37500,59.37500,54.37500,44.37500,39.37500,0.00000,6.25000,21.25000,15.00000,35.00000,57.50000,50.00000,56.25000,83.75000,77.50000,85.00000,98.75000,91.25000,63.75000,68.75000,33.75000,27.50000,12.50000,18.75000,56.25000,60.00000,65.00000,70.00000,75.00000,105.00000,112.50000,120.00000,127.50000,135.00000,142.50000,113.75000,118.12500,88.75000,61.25000,71.87500,80.00000,98.75000,96.25000,115.00000,106.87500,133.75000,195.62500,199.52500,174.37500,163.75000,178.12500,203.42500,207.32500,211.22500,215.12500,219.02500,222.92500,226.82500,230.72500,234.62500,238.52500,242.42500,246.32500,250.22500,205.00000,199.37500,181.87500,191.87500,158.75000,171.25000,174.37500,199.37500,221.87500,186.87500,178.12500,254.12500,258.02500,261.92500,265.82500,269.72500,273.62500,277.52500,281.42500,285.32500,195.00000,226.25000,240.00000,275.00000,304.62500,300.72500,296.82500,292.92500,289.02500,285.12500,281.22500,277.32500,273.42500,269.52500,260.62500,264.52500,268.42500,272.32500,276.22500,280.12500,284.02500,287.92500,291.82500,295.72500,90.17500
96.42500,104.22500,115.17500,122.97500,117.50000,98.75000,71.25000,88.12500,107.50000,115.00000,130.00000,137.50000,145.00000,116.25000,108.12500,91.25000,83.12500,53.12500,48.12500,38.12500,33.12500,6.25000,0.00000,15.00000,21.25000,28.75000,63.75000,56.25000,50.00000,77.50000,83.75000,91.25000,92.50000,85.00000,57.50000,62.50000,27.50000,21.25000,6.25000,12.50000,50.00000,53.75000,58.75000,63.75000,68.75000,98.75000,106.25000,113.75000,121.25000,128.75000,136.25000,107.50000,111.87500,82.50000,55.00000,65.62500,73.75000,92.50000,90.00000,108.75000,100.62500,127.50000,189.37500,193.27500,168.12500,157.50000,171.87500,197.17500,201.07500,204.97500,208.87500,212.77500,216.67500,220.57500,224.47500,228.37500,232.27500,236.17500,240.07500,243.97500,198.75000,193.12500,175.62500,185.62500,152.50000,165.00000,168.12500,193.12500,215.62500,180.62500,171.87500,247.87500,251.77500,255.67500,259.57500,263.47500,267.37500,271.27500,275.17500,279.07500,188.75000,220.00000,233.75000,268.75000,298.37500,294.47500,290.57500,286.67500,282.77500,278.87500,274.97500,271.07500,267.17500,263.27500,254.37500,258.27500,262.17500,266.07500,269.97500,273.87500,277.77500,281.67500,285.57500,289.47500,96.42500
81.42500,89.22500,100.17500,107.97500,102.50000,83.75000,56.25000,73.12500,122.50000,130.00000,145.00000,152.50000,160.00000,131.25000,123.12500,106.25000,98.12500,68.12500,63.12500,53.12500,48.12500,21.25000,15.00000,0.00000,6.25000,13.75000,48.75000,41.25000,35.00000,62.50000,68.75000,76.25000,77.50000,70.00000,42.50000,47.50000,12.50000,6.25000,21.25000,27.50000,65.00000,68.75000,73.75000,78.75000,83.75000,113.75000,121.25000,128.75000,136.25000,143.75000,151.25000,122.50000,126.87500,97.50000,40.00000,50.62500,58.75000,77.50000,75.00000,93.75000,85.62500,112.50000,174.37500,178.27500,153.12500,142.50000,156.87500,182.17500,186.07500,189.97500,193.87500,197.77500,201.67500,205.57500,209.47500,213.37500,217.27500,221.17500,225.07500,228.97500,183.75000,178.12500,160.62500,170.62500,167.50000,180.00000,183.12500,208.12500,230.62500,195.62500,186.87500,232.87500,236.77500,240.67500,244.57500,248.47500,252.37500,256.27500,260.17500,264.07500,203.75000,235.00000,248.75000,283.75000,313.37500,309.47500,305.57500,301.67500,297.77500,293.87500,289.97500,286.07500,282.17500,278.27500,239.37500,243.27500,247.17500,251.07500,254.97500,258.87500,262.77500,266.67500,270.57500,274.47500,81.42500
75.17500,82.97500,93.92500,101.72500,96.25000,77.50000,50.00000,66.87500,116.25000,123.75000,138.75000,146.25000,153.75000,125.00000,129.37500,100.00000,104.37500,74.37500,69.37500,59.37500,54.37500,15.00000,21.25000,6.25000,0.00000,20.00000,42.50000,35.00000,41.25000,68.75000,62.50000,70.00000,83.75000,76.25000,48.75000,53.75000,18.75000,12.50000,27.50000,33.75000,71.25000,75.00000,80.00000,85.00000,90.00000,120.00000,127.50000,135.00000,142.50000,150.00000,157.50000,128.75000,133.12500,103.75000,46.25000,56.87500,65.00000,83.75000,81.25000,100.00000,91.87500,118.75000,180.62500,184.52500,159.37500,148.75000,163.12500,188.42500,192.32500,196.22500,200.12500,204.02500,207.92500,211.82500,215.72500,219.62500,223.52500,227.42500,231.32500,235.22500,190.00000,184.37500,166.87500,176.87500,173.75000,186.25000,189.37500,214.37500,236.87500,201.87500,193.12500,239.12500,243.02500,246.92500,250.82500,254.72500,258.62500,262.52500,266.42500,270.32500,210.00000,241.25000,255.00000,290.00000,319.62500,315.72500,311.82500,307.92500,304.02500,300.12500,296.22500,292.32500,288.42500,284.52500,245.62500,249.52500,253.42500,257.32500,261.22500,265.12500,269.02500,272.92500,276.82500,280.72500,75.17500
77.67500,85.47500,96.42500,104.22500,98.75000,80.00000,52.50000,69.37500,136.25000,143.75000,158.75000,166.25000,173.75000,145.00000,135.62500,120.00000,110.62500,75.62500,70.62500,60.62500,55.62500,35.00000,28.75000,13.75000,20.00000,0.00000,45.00000,37.50000,30.00000,57.50000,65.00000,72.50000,63.75000,56.25000,28.75000,33.75000,16.25000,10.00000,25.00000,31.25000,68.75000,72.50000,77.50000,82.50000,87.50000,117.50000,125.00000,132.50000,140.00000,147.50000,155.00000,126.25000,130.62500,101.25000,33.75000,41.87500,52.50000,63.75000,61.25000,80.00000,71.87500,98.75000,160.62500,164.52500,139.37500,128.75000,143.12500,168.42500,172.32500,176.22500,180.12500,184.02500,187.92500,191.82500,195.72500,199.62500,203.52500,207.42500,211.32500,215.22500,170.00000,164.37500,146.87500,156.87500,171.25000,183.75000,186.87500,211.87500,234.37500,199.37500,190.62500,219.12500,223.02500,226.92500,230.82500,234.72500,238.62500,242.52500,246.42500,250.32500,207.50000,238.75000,252.50000,287.50000,317.12500,313.22500,309.32500,305.42500,301.52500,297.62500,293.72500,289.82500,285.92500,282.02500,225.62500,229.52500,233.42500,237.32500,241.22500,245.12500,249.02500,252.92500,256.82500,260.72500,77.67500
32.67500,40.47500,51.42500,59.22500,53.75000,35.00000,7.50000,35.62500,142.50000,150.00000,165.00000,172.50000,180.00000,162.50000,171.87500,137.50000,146.87500,116.87500,111.87500,101.87500,96.87500,57.50000,63.75000,48.75000,42.50000,45.00000,0.00000,7.50000,15.00000,42.50000,35.00000,27.50000,57.50000,50.00000,22.50000,27.50000,61.25000,55.00000,70.00000,76.25000,113.75000,117.50000,122.50000,127.50000,132.50000,162.50000,170.00000,177.50000,185.00000,192.50000,200.00000,171.25000,175.62500,146.25000,78.75000,86.87500,97.50000,78.75000,55.00000,73.75000,65.62500,92.50000,154.37500,158.27500,133.12500,122.50000,136.87500,162.17500,166.07500,169.97500,173.87500,177.77500,181.67500,185.57500,189.47500,193.37500,197.27500,201.17500,205.07500,208.97500,163.75000,158.12500,140.62500,150.62500,216.25000,228.75000,231.87500,256.87500,279.37500,244.37500,235.62500,212.87500,216.77500,220.67500,224.57500,228.47500,232.37500,236.27500,240.17500,244.07500,252.50000,283.75000,297.50000,332.50000,362.12500,358.22500,354.32500,350.42500,346.52500,342.62500,338.72500,334.82500,330.92500,327.02500,219.37500,223.27500,227.17500,231.07500,234.97500,238.87500,242.77500,246.67500,250.57500,254.47500,32.67500
40.17500,47.97500,58.92500,66.72500,61.25000,42.50000,15.00000,43.12500,150.00000,157.50000,172.50000,180.00000,187.50000,158.75000,164.37500,133.75000,139.37500,109.37500,104.37500,94.37500,89.37500,50.00000,56.25000,41.25000,35.00000,37.50000,7.50000,0.00000,7.50000,35.00000,27.50000,35.00000,50.00000,42.50000,15.00000,20.00000,53.75000,47.50000,62.50000,68.75000,106.25000,110.00000,115.00000,120.00000,125.00000,155.00000,162.50000,170.00000,177.50000,185.00000,192.50000,163.75000,168.12500,138.75000,71.25000,79.37500,90.00000,71.25000,47.50000,66.25000,58.12500,85.00000,146.87500,150.77500,125.62500,115.00000,129.37500,154.67500,158.57500,162.47500,166.37500,170.27500,174.17500,178.07500,181.97500,185.87500,189.77500,193.67500,197.57500,201.47500,156.25000,150.62500,133.12500,143.12500,208.75000,221.25000,224.37500,249.37500,271.87500,236.87500,228.12500,205.37500,209.27500,213.17500,217.07500,220.97500,224.87500,228.77500,232.67500,236.57500,245.00000,276.25000,290.00000,325.00000,354.62500,350.72500,346.82500,342.92500,339.02500,335.12500,331.22500,327.32500,323.42500,319.52500,211.87500,215.77500,219.67500,223.57500,227.47500,231.37500,235.27500,239.17500,243.07500,246.97500,40.17500
47.67500,55.47500,66.42500,74.22500,68.75000,50.00000,22.50000,50.62500,157.50000,165.00000,180.00000,187.50000,195.00000,166.25000,156.87500,141.25000,131.87500,101.87500,96.87500,86.87500,81.87500,56.25000,50.00000,35.00000,41.25000,30.00000,15.00000,7.50000,0.00000,27.50000,35.00000,42.50000,42.50000,35.00000,7.50000,12.50000,46.25000,40.00000,55.00000,61.25000,98.75000,102.50000,107.50000,112.50000,117.50000,147.50000,155.00000,162.50000,170.00000,177.50000,185.00000,156.25000,160.62500,131.25000,63.75000,71.87500,82.50000,63.75000,40.00000,58.75000,50.62500,77.50000,139.37500,143.27500,118.12500,107.50000,121.87500,147.17500,151.07500,154.97500,158.87500,162.77500,166.67500,170.57500,174.47500,178.37500,182.27500,186.17500,190.07500,193.97500,148.75000,143.12500,125.62500,135.62500,201.25000,213.75000,216.87500,241.87500,264.37500,229.37500,220.62500,197.87500,201.77500,205.67500,209.57500,213.47500,217.37500,221.27500,225.17500,229.07500,237.50000,268.75000,282.50000,317.50000,347.12500,343.22500,339.32500,335.42500,331.52500,327.62500,323.72500,319.82500,315.92500,312.02500,204.37500,208.27500,212.17500,216.07500,219.97500,223.87500,227.77500,231.67500,235.57500,239.47500,47.67500
74.82500,67.02500,56.07500,48.27500,41.25000,22.50000,50.00000,78.12500,185.00000,192.50000,207.50000,215.00000,222.50000,193.75000,184.37500,168.75000,159.37500,129.37500,124.37500,114.37500,109.37500,83.75000,77.50000,62.50000,68.75000,57.50000,42.50000,35.00000,27.50000,0.00000,7.50000,15.00000,15.00000,7.50000,35.00000,40.00000,73.75000,67.50000,82.50000,88.75000,126.25000,130.00000,135.00000,140.00000,145.00000,175.00000,182.50000,190.00000,197.50000,205.00000,212.50000,183.75000,188.12500,158.75000,91.25000,99.37500,110.00000,91.25000,48.75000,67.50000,56.87500,50.00000,111.87500,115.77500,90.62500,80.00000,105.62500,119.67500,123.57500,127.47500,131.37500,135.27500,139.17500,143.07500,146.97500,150.87500,154.77500,158.67500,162.57500,166.47500,121.25000,129.37500,115.62500,136.87500,228.75000,241.25000,244.37500,269.37500,291.87500,256.87500,248.12500,170.37500,174.27500,178.17500,182.07500,185.97500,189.87500,193.77500,197.67500,201.57500,265.00000,296.25000,310.00000,345.00000,374.62500,370.72500,366.82500,362.92500,359.02500,355.12500,351.22500,347.32500,343.42500,339.52500,183.62500,180.77500,184.67500,188.57500,192.47500,196.37500,200.27500,204.17500,208.07500,211.97500,74.82500
67.32500,59.52500,48.57500,40.77500,33.75000,15.00000,42.50000,70.62500,177.50000,185.00000,200.00000,207.50000,215.00000,186.25000,191.87500,161.25000,166.87500,136.87500,131.87500,121.87500,116.87500,77.50000,83.75000,68.75000,62.50000,65.00000,35.00000,27.50000,35.00000,7.50000,0.00000,7.50000,22.50000,15.00000,42.50000,47.50000,81.25000,75.00000,90.00000,96.25000,133.75000,137.50000,142.50000,147.50000,152.50000,182.50000,190.00000,197.50000,205.00000,212.50000,220.00000,191.25000,195.62500,166.25000,98.75000,106.87500,117.50000,98.75000,56.25000,75.00000,64.37500,57.50000,119.37500,123.27500,98.12500,87.50000,113.12500,127.17500,131.07500,134.97500,138.87500,142.77500,146.67500,150.57500,154.47500,158.37500,162.27500,166.17500,170.07500,173.97500,128.75000,136.87500,123.12500,144.37500,236.25000,248.75000,251.87500,276.87500,299.37500,264.37500,255.62500,177.87500,181.77500,185.67500,189.57500,193.47500,197.37500,201.27500,205.17500,209.07500,272.50000,303.75000,317.50000,352.50000,382.12500,378.22500,374.32500,370.42500,366.52500,362.62500,358.72500,354.82500,350.92500,347.02500,191.12500,188.27500,192.17500,196.07500,199.97500,203.87500,207.77500,211.67500,215.57500,219.47500,67.32500
59.82500,52.02500,41.07500,33.27500,26.25000,7.50000,35.00000,63.12500,170.00000,177.50000,192.50000,200.00000,207.50000,190.00000,199.37500,165.00000,174.37500,144.37500,139.37500,129.37500,124.37500,85.00000,91.25000,76.25000,70.00000,72.50000,27.50000,35.00000,42.50000,15.00000,7.50000,0.00000,30.00000,22.50000,50.00000,55.00000,88.75000,82.50000,97.50000,103.75000,141.25000,145.00000,150.00000,155.00000,160.00000,190.00000,197.50000,205.00000,212.50000,220.00000,227.50000,198.75000,203.12500,173.75000,106.25000,114.37500,125.00000,106.25000,63.75000,82.50000,71.87500,65.00000,126.87500,130.77500,105.62500,95.00000,120.62500,134.67500,138.57500,142.47500,146.37500,150.27500,154.17500,158.07500,161.97500,165.87500,169.77500,173.67500,177.57500,181.47500,136.25000,144.37500,130.62500,151.87500,243.75000,256.25000,259.37500,284.37500,306.87500,271.87500,263.12500,185.37500,189.27500,193.17500,197.07500,200.97500,204.87500,208.77500,212.67500,216.57500,280.00000,311.25000,325.00000,360.00000,389.62500,385.72500,381.82500,377.92500,374.02500,370.12500,366.22500,362.32500,358.42500,354.52500,198.62500,195.77500,199.67500,203.57500,207.47500,211.37500,215.27500,219.17500,223.07500,226.97500,59.82500
