0.00000,7.80000,18.75000,26.55000,51.57367,37.03587,25.00061,6.31585,136.01459,143.40535,158.21771,165.63655,173.06240,161.61132,164.07606,137.44351,140.33336,111.40109,106.95654,98.22781,93.95851,64.07490,68.20900,58.23202,53.33004,57.93665,32.50047,40.00038,47.50032,54.79877,48.44229,42.46064,68.21221,61.41381,55.00028,60.00026,68.69566,63.37167,72.64618,77.33429,104.09265,107.02964,111.02181,115.09276,119.23440,147.26666,154.11876,161.02863,167.98912,174.99419,182.03871,147.32033,149.92180,127.13489,87.04435,95.53770,104.87418,101.20292,78.66483,97.31087,88.12180,100.82643,138.30362,141.76953,131.38190,124.95111,149.08769,145.25746,148.76586,152.29330,155.83851,159.40028,162.97754,166.56929,170.17462,173.79266,177.42266,181.06388,184.71567,188.37741,169.91992,171.22559,155.48849,170.49253,185.67234,190.66848,192.08539,206.38083,223.10994,205.01025,211.73166,192.04854,195.72851,199.41685,203.11310,206.81683,210.52765,214.24519,217.96910,221.69908,230.29974,238.02265,241.49657,260.98186,282.44604,280.15707,277.90399,275.68766,273.50899,271.36887,269.26824,267.20802,265.18915,263.21259,229.00582,229.44648,229.95244,230.52329,231.15853,231.85764,232.62004,233.44512,234.33221,235.28061,0.00000
7.80000,0.00000,10.95000,18.75000,44.85157,31.72106,26.24120,13.82787,143.70121,151.10315,165.93346,173.35956,180.79177,169.20118,171.55691,144.95357,147.69656,118.42307,113.91015,105.01677,100.64801,70.28096,74.06948,63.17268,58.68486,61.80595,33.46417,40.78726,48.16483,51.35636,44.51096,37.91406,65.47882,58.36288,55.57518,60.52768,72.93088,67.93959,78.17473,82.54946,110.25698,113.29238,117.40385,121.58192,125.81996,154.39410,161.30612,168.26850,175.27525,182.32125,189.40212,153.90777,156.43087,133.25765,89.99188,98.13140,107.33319,102.32962,78.13754,96.88512,87.54012,98.94841,134.85996,138.41214,129.19374,123.00549,148.15350,141.98257,145.56991,149.17295,152.79058,156.42177,160.06561,163.72126,167.38793,171.06493,174.75160,178.44733,182.15159,185.86385,168.78344,170.47000,154.75058,170.07799,189.27437,194.77946,196.31573,211.24894,227.83462,208.76906,214.35220,189.58365,193.31055,197.04416,200.78409,204.53000,208.28156,212.03849,215.80049,219.56730,232.58555,241.42929,245.51102,265.71197,287.12817,284.77002,282.44604,280.15707,277.90399,275.68766,273.50899,271.36887,269.26824,267.20802,228.32189,228.63085,229.00582,229.44648,229.95244,230.52329,231.15853,231.85764,232.62004,233.44512,7.80000
18.75000,10.95000,0.00000,7.80000,36.15288,26.42973,31.35531,24.67696,154.51122,161.92620,176.77767,184.21243,191.65227,179.88651,182.10406,155.54471,158.10405,128.43243,123.84220,114.76450,110.28549,79.46874,82.83813,70.97997,67.01702,68.37922,37.60858,44.25105,51.13126,48.26780,40.90881,33.61221,63.08550,55.66445,58.16490,62.91387,79.78898,75.25394,86.52835,90.50017,119.23440,122.38272,126.63148,130.93331,135.28315,164.50294,171.48642,178.51182,185.57436,192.66997,199.79513,163.33583,165.75674,142.13055,95.06001,102.66579,111.61667,104.87418,78.70653,97.34458,87.89278,97.31087,130.65968,134.32298,126.86958,121.07190,147.52950,137.99925,141.68748,145.38677,149.09629,152.81529,156.54310,160.27911,164.02275,167.77352,171.53094,175.29459,179.06407,182.83903,167.78790,170.00850,154.37510,170.09891,194.74623,200.91999,202.61243,218.37020,234.74437,214.41377,218.44833,186.61914,190.40408,194.19357,197.98735,201.78519,205.58685,209.39213,213.20083,217.01277,236.19212,246.54887,251.44700,272.59052,293.92465,291.47499,289.05720,286.67206,284.32042,282.00311,279.72097,277.47489,275.26573,273.09440,227.80936,227.93173,228.12072,228.37616,228.69784,229.08547,229.53872,230.05719,230.64046,231.28803,18.75000
26.55000,18.75000,7.80000,0.00000,30.84397,25.01201,36.59543,32.44646,162.22296,169.64570,184.50993,191.94996,199.39449,187.51660,189.64496,163.11798,165.56029,135.65106,131.01607,121.83271,117.29113,86.26471,89.37827,77.00958,73.37302,73.69897,42.07702,48.10640,54.50207,47.50632,40.00751,32.50924,62.50480,55.00546,61.14921,65.68277,85.19742,80.96589,92.80881,96.52254,125.81996,129.03430,133.36360,137.73834,142.15432,171.76667,178.79363,185.85757,192.95443,200.08070,207.23335,170.16290,172.51628,148.62003,99.25082,106.46636,115.20677,107.33319,80.02836,98.41640,88.96887,96.88512,128.15527,131.88814,125.77047,120.28498,147.57972,135.63043,139.38136,143.14025,146.90651,150.67957,154.45893,158.24415,162.03482,165.83055,169.63102,173.43590,177.24492,181.05782,167.51224,170.10941,154.58086,170.54313,198.91999,205.53811,207.33395,223.63165,239.84993,218.68033,221.65004,184.87434,188.69428,192.51743,196.34361,200.17263,204.00434,207.83860,211.67525,215.51418,239.03407,250.42397,255.87724,277.64980,298.91641,296.40539,293.92465,291.47499,289.05720,286.67206,284.32042,282.00311,279.72097,277.47489,227.76484,227.75371,227.80936,227.93173,228.12072,228.37616,228.69784,229.08547,229.53872,230.05719,26.55000
51.57367,44.85157,36.15288,30.84397,0.00000,18.13577,45.62928,55.72323,179.37609,186.87605,201.87597,209.37593,216.87590,202.96628,203.81613,178.03177,179.00004,147.24687,142.32583,132.50147,127.59953,96.37978,97.62812,83.10385,81.63371,76.37285,46.34281,48.22635,51.15082,29.38165,23.93024,19.86281,42.21411,35.58660,54.95026,57.88593,87.32125,85.00919,99.25504,101.24228,132.81801,136.38755,141.16148,145.95055,150.75332,183.12607,190.47843,197.84187,205.21521,212.59740,219.98757,177.87812,179.68832,154.36361,94.50529,99.55565,106.95355,94.75297,64.83151,81.05746,72.17871,74.58217,99.90034,103.73362,100.74915,96.21347,125.39469,107.57169,111.41406,115.26031,119.11005,122.96295,126.81874,130.67715,134.53796,138.40097,142.26599,146.13288,150.00148,153.87166,144.11638,147.75534,132.74888,149.20754,191.16624,199.77526,202.04907,220.89042,236.12182,211.09554,209.43096,157.74331,161.61633,165.49061,169.36608,173.24264,177.12024,180.99879,184.87825,188.75856,225.21691,240.76051,248.67932,273.36160,294.13881,291.33374,288.55412,285.80068,283.07420,280.37545,277.70524,275.06441,272.45381,269.87432,204.50829,204.13513,203.83592,203.61098,203.46056,203.38483,203.38388,203.45769,203.60619,203.82922,51.57367
37.03587,31.72106,26.42973,25.01201,18.13577,0.00000,27.50000,40.04392,161.25484,168.75463,183.75425,191.25408,198.75393,184.84157,185.74281,159.91453,160.95540,129.31460,124.41268,114.63427,109.76004,78.44684,79.92672,65.62798,63.81737,59.53597,28.50439,31.32491,35.53168,22.50000,15.00000,7.50000,37.50000,30.00000,40.69705,44.51123,70.78246,67.96713,81.85830,84.21049,115.50501,119.02271,123.73422,128.46753,133.22033,165.27439,172.59961,179.93923,187.29155,194.65514,202.02877,160.56784,162.48678,137.38916,80.43340,86.50551,94.62508,84.69154,56.13182,74.12511,64.73805,71.87772,104.24018,107.89683,100.85765,95.29559,122.62908,111.56996,115.25800,118.95955,122.67341,126.39848,130.13380,133.87851,137.63185,141.39312,145.16172,148.93709,152.71871,156.50615,142.50548,145.16289,129.67056,145.71081,179.02950,186.75268,188.82552,206.68231,222.33228,198.93172,199.67258,160.29899,164.09685,167.89939,171.70631,175.51731,179.33214,183.15055,186.97234,190.79729,216.42695,229.68219,236.41198,259.86325,280.87222,278.18751,275.53184,272.90606,270.31105,267.74769,265.21692,262.71966,260.25688,257.82957,202.77809,202.75068,202.79828,202.92084,203.11822,203.39021,203.73650,204.15672,204.65042,205.21705,37.03587
25.00061,26.24120,31.35531,36.59543,45.62928,27.50000,0.00000,23.19247,133.75584,141.25553,156.25500,163.75477,171.25456,157.42310,158.48033,132.52653,133.78066,102.47141,97.63012,88.00080,83.21893,51.78833,54.00376,40.74502,37.75952,37.13363,7.50000,15.00000,22.50000,35.53168,31.32491,28.50439,46.50269,40.69705,30.00000,35.00000,48.61359,44.41460,56.82347,60.16254,90.28168,93.64578,98.17475,102.74741,107.35819,138.57534,145.82738,153.10331,160.39989,167.71442,175.04464,135.10702,137.25689,112.79475,64.01294,71.97276,81.12972,76.36774,53.94586,72.48383,63.39669,77.18181,116.83489,120.10870,107.93698,101.24228,124.43780,123.41892,126.76269,130.13743,133.54078,136.97062,140.42500,143.90216,147.40048,150.91849,154.45485,158.00832,161.57779,165.16219,145.37129,146.45952,130.72664,145.59281,163.57815,169.58129,171.26026,187.12984,203.44014,183.18898,188.14992,168.76060,172.37213,175.99597,179.63137,183.27766,186.93419,190.60037,194.27566,197.95954,206.34468,215.55343,220.14910,241.27429,262.59251,260.13153,257.70607,255.31714,252.96578,250.65305,248.38003,246.14781,243.95751,241.81028,204.18026,204.67771,205.24806,205.89073,206.60503,207.39022,208.24550,209.17001,210.16284,211.22302,25.00061
6.31585,13.82787,24.67696,32.44646,55.72323,40.04392,23.19247,0.00000,129.87524,137.27965,152.11658,159.54648,166.98264,155.38888,157.80229,131.18004,134.03008,105.09668,100.66187,91.96637,87.72293,58.03084,62.31535,52.87441,47.75016,53.27186,30.52279,37.91953,45.35020,55.87724,50.03514,44.69078,68.53660,62.07669,52.80048,57.77448,63.72855,58.21901,66.91004,71.75534,98.02941,100.92734,104.87530,108.90972,113.02136,140.95240,147.80292,154.71370,161.67700,168.68633,175.73617,141.10197,143.72554,121.07752,82.85200,91.55770,100.95830,98.25231,77.09825,95.55962,86.53937,100.22826,138.92444,142.30675,130.94011,124.32474,147.58472,145.71493,149.14721,152.60197,156.07771,159.57306,163.08676,166.61765,170.16466,173.72680,177.30316,180.89290,184.49523,188.10944,168.54270,169.54443,153.81858,168.54617,180.89729,185.58712,186.93456,200.87504,217.67414,200.12886,207.56211,191.73484,195.37083,199.01681,202.67225,206.33664,210.00952,213.69045,217.37902,221.07485,226.34062,233.33938,236.44916,255.53330,277.01828,274.76642,272.55177,270.37523,268.23774,266.14024,264.08367,262.06901,260.09722,258.16930,227.20613,227.74961,228.35841,229.03202,229.76985,230.57130,231.43570,232.36236,233.35052,234.39941,6.31585
136.01459,143.70121,154.51122,162.22296,179.37609,161.25484,133.75584,129.87524,0.00000,7.50000,22.50000,30.00000,37.50000,27.22878,33.14858,14.49677,23.82390,43.25163,47.32286,55.91917,60.37966,86.04595,87.48661,102.03017,100.79760,111.72301,134.03591,134.73353,135.84228,162.98965,162.06673,161.48723,165.84066,164.25019,137.35219,138.57534,105.56766,103.62568,89.34221,91.58756,67.64452,64.74107,61.01357,57.47962,54.17708,37.50000,38.24265,40.38874,43.73214,48.02343,53.03301,57.85893,61.44421,67.11115,119.46822,125.35107,129.62988,145.15347,153.10587,160.72346,157.82333,177.62540,221.37091,223.13794,201.63879,194.26946,198.82958,224.95870,226.83192,228.75629,230.73053,232.75338,234.82359,236.93990,239.10110,241.30598,243.55336,245.84206,248.17095,250.53890,216.95694,212.65160,200.79627,207.27115,151.43584,144.61695,143.11408,139.57665,155.63002,162.04865,188.87517,252.94481,255.38762,257.86628,260.37976,262.92706,265.50721,268.11926,270.76229,273.43540,209.53818,194.71333,185.42182,186.90949,206.67188,206.08275,205.56594,205.12199,204.75138,204.45450,204.23167,204.08315,204.00908,204.00956,257.95448,260.35966,262.80070,265.27661,267.78644,270.32923,272.90406,275.51004,278.14628,280.81195,136.01459
143.40535,151.10315,161.92620,169.64570,186.87605,168.75463,141.25553,137.27965,7.50000,0.00000,15.00000,22.50000,30.00000,21.23161,28.42891,17.16191,25.53337,49.42245,53.72456,62.64047,67.21293,93.41189,94.74060,109.34821,108.19904,118.99645,141.52076,142.18166,143.23277,170.41310,169.53060,168.97670,173.14192,171.61913,144.66556,145.82738,112.65614,110.83842,96.45676,98.54013,73.68111,70.62777,66.66732,62.85524,59.22019,38.24265,37.50000,38.24265,40.38874,43.73214,48.02343,59.69323,63.10024,71.37599,126.07352,131.73274,135.74160,151.56733,160.13910,167.43702,164.71211,184.48620,228.10788,229.82311,208.15878,200.81864,204.75309,231.59133,233.41132,235.28188,237.20182,239.16995,241.18508,243.24605,245.35171,247.50092,249.69254,251.92547,254.19863,256.51094,222.62988,218.15723,206.54997,212.65160,154.13570,146.67673,145.00135,140.17985,155.87079,163.97527,191.63462,258.86136,261.24885,263.67242,266.13106,268.62383,271.14978,273.70799,276.29756,278.91763,212.16150,196.12855,186.07794,186.18078,205.60311,205.15354,204.77727,204.47471,204.24618,204.09193,204.01213,204.00688,204.07616,204.21992,262.61167,265.08494,267.59219,270.13248,272.70488,275.30849,277.94244,280.60587,283.29795,286.01788,143.40535
158.21771,165.93346,176.77767,184.50993,201.87597,183.75425,156.25500,152.11658,22.50000,15.00000,0.00000,7.50000,15.00000,14.38858,23.75822,28.29808,34.03238,62.64047,67.21293,76.51848,81.23317,108.19904,109.34821,124.04951,123.03772,133.61851,156.49481,157.09273,158.04469,185.27851,184.46714,183.95822,187.79144,186.38837,159.34436,160.39989,126.97502,125.36509,110.83842,112.65614,86.44453,83.18372,78.90362,74.71299,70.62777,43.73214,40.38874,38.24265,37.50000,38.24265,40.38874,65.81817,68.78692,81.32208,139.55566,144.81804,148.34767,164.67060,174.32235,181.04946,178.63742,198.34668,241.71668,243.33601,221.38502,214.10424,216.89301,245.00672,246.72777,248.49811,250.31671,252.18250,254.09446,256.05154,258.05273,260.09701,262.18336,264.31079,266.47832,268.68497,234.28415,229.50780,218.37557,223.77880,160.45346,151.82741,149.83454,142.56714,157.42682,168.76505,197.89221,270.92979,273.21185,275.53020,277.88396,280.27221,282.69410,285.14876,287.63535,290.15305,218.08828,199.77526,188.28170,185.62605,204.27651,204.11082,204.01956,204.00283,204.06065,204.19296,204.39961,204.68037,205.03495,205.46295,272.30707,274.90594,277.53528,280.19423,282.88196,285.59765,288.34051,291.10978,293.90471,296.72458,158.21771
165.63655,173.35956,184.21243,191.94996,209.37593,191.25408,163.75477,159.54648,30.00000,22.50000,7.50000,0.00000,7.50000,15.93444,24.72505,34.96650,39.75020,69.52124,74.17515,83.60295,88.36404,115.61318,116.68936,131.42548,130.47090,140.95932,163.98361,164.55432,165.46336,192.71903,191.93912,191.45006,195.13617,193.78629,166.70520,167.71442,134.19028,132.66794,118.08696,119.79475,93.07675,89.74356,85.35313,81.03337,76.79620,48.02343,43.73214,40.38874,38.24265,37.50000,38.24265,69.89389,72.63188,86.84127,146.40750,151.49386,154.81087,171.33894,181.46324,187.93491,185.66287,205.33699,248.58113,250.15603,228.08048,220.82940,223.09349,251.78149,253.45654,255.18021,256.95151,258.76947,260.63311,262.54146,264.49355,266.48842,268.52512,270.60269,272.72022,274.87677,240.25052,235.33636,224.43070,229.50780,164.03601,154.88403,152.74698,144.33170,158.73154,171.60206,201.36740,277.07143,279.30331,281.57152,283.87518,286.21345,288.58548,290.99044,293.42753,295.89596,221.37355,201.99203,189.81899,185.80273,204.02393,204.00147,204.05356,204.18014,204.38108,204.65615,205.00506,205.42743,205.92281,206.49068,277.33196,279.98866,282.67420,285.38777,288.12857,290.89584,293.68882,296.50680,299.34905,302.21491,165.63655
173.06240,180.79177,191.65227,199.39449,216.87590,198.75393,171.25456,166.98264,37.50000,30.00000,15.00000,7.50000,0.00000,20.32932,27.76154,41.91696,45.98318,76.51848,81.23317,90.75422,95.55144,123.03772,124.04951,138.81474,137.91132,148.31607,171.47339,172.01926,172.88905,200.16400,199.41320,198.94252,202.49228,201.19176,174.07793,175.04464,141.43517,139.99163,125.36509,126.97502,99.83189,96.44056,91.96212,87.54017,83.18372,53.03301,48.02343,43.73214,40.38874,38.24265,37.50000,74.50357,77.01715,92.63925,153.32003,158.24353,161.36382,178.07346,188.63200,194.86574,192.72410,212.36209,255.48132,257.01394,234.82457,227.60300,229.37159,258.59629,260.22748,261.90659,263.63270,265.40490,267.22227,269.08390,270.98886,272.93626,274.92520,276.95477,279.02409,281.13229,246.30076,241.25729,230.57079,235.33636,167.87737,158.23736,155.96599,146.45952,160.37675,174.71517,205.05811,283.27849,285.46184,287.68150,289.93662,292.22639,294.55000,296.90666,299.29558,301.71600,224.86107,204.46004,191.63768,186.28146,204.04691,204.16776,204.36299,204.63237,204.97561,205.39235,205.88213,206.44444,207.07868,207.78420,282.46662,285.17806,287.91679,290.68205,293.47308,296.28916,299.12957,301.99364,304.88068,307.79007,173.06240
161.61132,169.20118,179.88651,187.51660,202.96628,184.84157,157.42310,155.38888,27.22878,21.23161,14.38858,15.93444,20.32932,0.00000,9.37500,25.00000,26.70001,58.71342,63.61812,73.46608,78.40450,107.52907,107.85552,122.81210,122.52551,131.96827,156.97581,156.88620,157.15488,184.61319,184.38453,184.46079,185.97925,185.14564,157.78001,158.39281,124.32945,123.41495,108.54147,109.58016,81.05746,77.54031,72.88690,68.28250,63.73774,32.70369,27.90889,24.51084,23.13344,24.12532,27.22878,54.27073,56.88873,72.51078,134.79730,139.27968,141.99472,159.04500,170.99433,176.32534,174.62572,194.10451,236.79253,238.21007,215.76264,208.61335,209.55776,239.68269,241.20939,242.78913,244.42090,246.10366,247.83637,249.61799,251.44749,253.32381,255.24594,257.21284,259.22349,261.27689,226.26209,221.12726,210.61387,215.15347,148.14741,138.94974,136.81791,128.69689,143.33772,155.68021,185.45657,263.37203,265.50793,267.68362,269.89812,272.15049,274.43980,276.76513,279.12559,281.52028,205.44350,186.19966,174.30442,171.25456,189.88850,189.72309,189.63776,189.63262,189.70767,189.86282,190.09787,190.41253,190.80640,191.27899,262.14241,264.85024,267.58752,270.35334,273.14685,275.96719,278.81356,281.68516,284.58124,287.50104,161.61132
164.07606,171.55691,182.10406,189.64496,203.81613,185.74281,158.48033,157.80229,33.14858,28.42891,23.75822,24.72505,27.76154,9.37500,0.00000,26.70001,25.00000,57.55432,62.54998,72.54309,77.54031,107.71962,107.50182,122.50159,122.69277,131.32290,157.59050,157.05418,156.87500,184.37500,184.52748,184.98416,184.98416,184.52748,157.05418,157.37222,123.07423,122.62908,107.64707,108.15390,78.37460,74.73129,69.89110,65.07508,60.28902,26.90405,20.81353,15.97117,13.76420,15.37297,19.89229,47.28983,49.56845,67.44500,132.05261,135.98024,138.12500,155.59990,169.04719,173.42708,172.20990,191.47556,233.61627,234.89737,212.16150,205.11525,204.82081,236.23590,237.63092,239.08141,240.58639,242.14484,243.75572,245.41802,247.13068,248.89267,250.70296,252.56049,254.46425,256.41319,221.03538,215.66757,205.58795,209.53818,140.11853,130.53526,128.30932,119.61200,134.10875,147.10753,177.29962,258.40629,260.44255,262.52096,264.64052,266.80025,268.99919,271.23638,273.51088,275.82178,197.13277,177.28530,165.13844,161.87983,180.52718,180.35319,180.26343,180.25802,180.33697,180.50017,180.74740,181.07830,181.49243,181.98921,255.44288,258.22098,261.02778,263.86237,266.72387,269.61141,272.52417,275.46134,278.42217,281.40589,164.07606
137.44351,144.95357,155.54471,163.11798,178.03177,159.91453,132.52653,131.18004,14.49677,17.16191,28.29808,34.96650,41.91696,25.00000,26.70001,0.00000,9.37500,34.60153,39.33530,48.96188,53.82625,82.53787,82.96272,97.89184,97.53205,107.13601,131.99491,131.88833,132.20781,159.65050,159.38603,159.47423,161.22820,160.26589,132.95030,133.67697,99.78884,98.64710,83.85255,85.19280,58.16195,54.88625,50.62114,46.50269,42.57347,23.20089,24.95308,28.62746,33.59920,39.37996,45.66351,43.39139,46.95826,54.27073,111.44646,116.56041,120.05207,136.41046,146.80450,152.98080,150.81161,170.44519,213.61929,215.18954,193.14118,185.87840,188.68480,216.81857,218.50508,220.24773,222.04522,223.89621,225.79940,227.75347,229.75713,231.80909,233.90808,236.05284,238.24214,240.47477,206.24811,201.61167,190.26811,196.00004,137.30953,130.24316,128.69689,125.12650,141.25138,147.64426,174.78670,242.74952,245.06522,247.42073,249.81492,252.24668,254.71494,257.21866,259.75680,262.32836,195.38624,180.22989,170.95549,172.88905,192.82801,192.15840,191.56586,191.05112,190.61480,190.25743,189.97947,189.78127,189.66307,189.62503,245.54763,248.04365,250.57550,253.14212,255.74245,258.37548,261.04023,263.73572,266.46103,269.21525,137.44351
140.33336,147.69656,158.10405,165.56029,179.00004,160.95540,133.78066,134.03008,23.82390,25.53337,34.03238,39.75020,45.98318,26.70001,25.00000,9.37500,0.00000,32.59601,37.58324,47.56574,52.55949,82.78596,82.50237,97.50200,97.74209,106.34004,132.72534,132.08810,131.87500,159.37500,159.55137,160.07933,160.07933,159.55137,132.08810,132.46609,98.22049,97.66212,82.69154,83.35026,54.36063,50.84059,46.20352,41.65052,37.21244,13.87725,16.64191,21.76759,27.98577,34.71424,41.70675,34.26118,37.75952,47.28983,108.11055,112.59718,115.44919,132.37760,144.53184,149.63106,148.00760,167.44519,210.09299,211.51660,189.10976,181.94372,183.40955,213.00212,214.54825,216.15370,217.81715,219.53729,221.31279,223.14234,225.02460,226.95828,228.94207,230.97468,233.05483,235.18125,200.50035,195.60803,184.68935,189.81899,128.60581,121.22584,119.61200,115.76174,131.87648,138.57534,166.10661,237.35272,239.56799,241.82587,244.12518,246.46475,248.84345,251.26017,253.71382,256.20334,186.62818,171.00461,161.59967,163.60800,183.61662,182.91329,182.29071,181.74970,181.29099,180.91521,180.62287,180.41439,180.29005,180.25003,238.38218,240.95243,243.55801,246.19779,248.87069,251.57566,254.31166,257.07772,259.87286,262.69616,140.33336
111.40109,118.42307,128.43243,135.65106,147.24687,129.31460,102.47141,105.09668,43.25163,49.42245,62.64047,69.52124,76.51848,58.71342,57.55432,34.60153,32.59601,0.00000,5.00000,15.00000,20.00000,50.87131,50.09756,65.07508,65.67260,73.77383,100.90412,99.87688,99.40644,126.89963,127.26848,128.07621,127.48928,126.97348,99.50071,99.87688,65.67260,65.07508,50.09756,50.87131,24.40703,21.65965,18.55103,16.40551,15.62500,36.16909,43.35987,50.64043,57.97696,65.35062,72.75011,38.75504,42.14002,30.65050,76.91564,82.32937,86.38802,102.17364,112.32799,118.42225,116.21639,135.84372,179.08186,180.69594,158.82380,151.51449,155.58860,182.37914,184.12958,185.94535,187.82455,189.76531,191.76575,193.82402,195.93831,198.10682,200.32779,202.59949,204.92023,207.28838,173.84552,169.70563,157.63139,164.48784,117.46841,113.76545,113.14054,116.27352,133.54833,131.30356,153.96073,209.70232,212.16049,214.66137,217.20348,219.78540,222.40574,225.06315,227.75634,230.48406,174.91627,165.62972,160.25005,169.01022,190.13498,188.78565,187.50774,186.30272,185.17201,184.11698,183.13894,182.23914,181.41872,180.67878,216.44240,218.69116,220.98586,223.32510,225.70749,228.13168,230.59634,233.10020,235.64200,238.22053,111.40109
106.95654,113.91015,123.84220,131.01607,142.32583,124.41268,97.63012,100.66187,47.32286,53.72456,67.21293,74.17515,81.23317,63.61812,62.54998,39.33530,37.58324,5.00000,0.00000,10.00000,15.00000,45.96619,45.10838,60.08133,60.72801,68.77556,95.98380,94.90332,94.40811,121.90064,122.28457,123.12500,122.51435,121.97752,94.50736,94.90332,60.72801,60.08133,45.10838,45.96619,20.81353,18.55103,16.40551,15.62500,16.40551,40.95062,48.20610,55.52660,62.88941,70.28124,77.69381,42.00539,45.21649,30.85374,72.39486,78.04246,82.38866,97.86191,107.49455,113.84783,111.49552,131.16217,174.52167,176.17753,154.43445,147.09823,151.72446,177.90349,179.69753,181.55763,183.48178,185.46798,187.51427,189.61870,191.77936,193.99436,196.26187,198.58009,200.94726,203.36168,170.19405,166.20770,153.92013,161.10943,116.85494,113.79292,113.33372,117.52992,134.87552,131.25595,153.00378,205.82168,208.32564,210.87201,213.45925,216.08591,218.75057,221.45185,224.18843,226.95903,173.96682,165.74288,161.00878,170.73943,191.96696,190.52827,189.15907,187.86086,186.63513,185.48332,184.40681,183.40693,182.48494,181.64202,213.62891,215.81664,218.05218,220.33407,222.66089,225.03125,227.44378,229.89716,232.39009,234.92131,106.95654
98.22781,105.01677,114.76450,121.83271,132.50147,114.63427,88.00080,91.96637,55.91917,62.64047,76.51848,83.60295,90.75422,73.46608,72.54309,48.96188,47.56574,15.00000,10.00000,0.00000,5.00000,36.23383,35.13923,50.09756,50.87131,58.77991,86.17071,84.96553,84.41203,111.90293,112.32104,113.23544,112.57116,111.98668,84.52302,84.96553,50.87131,50.09756,35.13923,36.23383,16.06870,15.62500,16.40551,18.55103,21.65965,50.64043,57.97696,65.35062,72.75011,80.16828,87.60039,49.39082,52.26884,33.57012,63.56898,69.75403,74.75219,89.45364,97.87787,104.81569,102.13349,121.87500,165.47753,167.22297,145.77380,138.38494,144.20580,169.04039,170.92748,172.88196,174.90158,176.98410,179.12734,181.32913,183.58737,185.90001,188.26503,190.68050,193.14451,195.65524,163.10584,159.45219,146.72732,154.61646,116.26512,114.50471,114.37671,120.62662,138.03589,131.73126,151.56733,198.21090,200.80979,203.45025,206.13067,208.84952,211.60532,214.39665,217.22213,220.08045,172.48754,166.42026,162.97646,174.57650,195.96253,194.35283,192.80859,191.33139,189.92281,188.58436,187.31757,186.12389,185.00474,183.96147,208.24820,210.30650,212.41646,214.57657,216.78531,219.04123,221.34288,223.68885,226.07776,228.50825,98.22781
93.95851,100.64801,110.28549,117.29113,127.59953,109.76004,83.21893,87.72293,60.37966,67.21293,81.23317,88.36404,95.55144,78.40450,77.54031,53.82625,52.55949,20.00000,15.00000,5.00000,0.00000,31.43073,30.16232,45.10838,45.96619,53.78269,81.28124,80.00244,79.41436,106.90424,107.34182,108.29827,107.60351,106.99190,79.53232,80.00244,45.96619,45.10838,30.16232,31.43073,15.67492,16.40551,18.55103,21.65965,25.37993,55.52660,62.88941,70.28124,77.69381,85.12170,92.56121,53.40368,56.13182,35.90896,59.29600,65.78849,71.15399,85.37829,93.09983,100.36846,97.50000,117.27538,160.99786,162.79135,141.50972,134.09564,140.56249,164.65768,166.59443,168.59915,170.66945,172.80299,174.99744,177.25054,179.56008,181.92392,184.33996,186.80619,189.32063,191.88140,159.67863,156.20499,143.25731,151.51320,116.29200,115.18497,115.22058,122.45216,139.85763,132.25213,151.09238,194.48666,197.13466,199.82368,202.55210,205.31834,208.12091,210.95834,213.82926,216.73233,171.96134,166.98264,164.18002,176.67612,198.11944,196.42816,194.80029,193.23743,191.74116,190.31306,188.95468,187.66753,186.45308,185.31277,205.68741,207.67721,209.72065,211.81620,213.96232,216.15749,218.40026,220.68915,223.02276,225.39969,93.95851
64.07490,70.28096,79.46874,86.26471,96.37978,78.44684,51.78833,58.03084,86.04595,93.41189,108.19904,115.61318,123.03772,107.52907,107.71962,82.53787,82.78596,50.87131,45.96619,36.23383,31.43073,0.00000,6.25000,16.25000,15.00000,26.27975,50.03905,49.37896,49.85134,77.18181,76.87754,77.30318,79.92672,78.20746,51.42501,53.04037,24.01172,19.52562,12.50000,18.75000,40.01953,43.01163,47.16991,51.47815,55.90170,86.85926,94.16160,101.49276,108.84694,116.21975,123.60787,83.89912,86.28849,63.05999,45.84280,54.90404,63.24555,71.42522,69.69801,81.33649,76.13978,95.76175,140.15198,142.46548,123.36588,115.84270,128.44776,144.84705,147.29339,149.80133,152.36782,154.98996,157.66497,160.39021,163.16315,165.98141,168.84272,171.74492,174.68598,177.66398,148.99927,147.09823,132.58989,143.68069,129.91884,132.19600,133.03107,144.62370,161.74464,148.03531,161.02334,180.67707,183.72354,186.80175,189.91016,193.04731,196.21182,199.40239,202.61779,205.85685,181.19611,182.35011,182.84428,199.41320,220.95704,218.90803,216.90979,214.96373,213.07129,211.23391,209.45304,207.73013,206.06663,204.46400,201.04232,202.50068,204.02317,205.60838,207.25486,208.96116,210.72583,212.54742,214.42448,216.35555,64.07490
68.20900,74.06948,82.83813,89.37827,97.62812,79.92672,54.00376,62.31535,87.48661,94.74060,109.34821,116.68936,124.04951,107.85552,107.50182,82.96272,82.50237,50.09756,45.10838,35.13923,30.16232,6.25000,0.00000,15.00000,16.25000,24.27061,51.42501,49.85134,49.37896,76.87754,77.18181,78.20746,78.44684,77.30318,50.03905,51.08969,19.52562,16.25000,6.25000,12.50000,36.44345,39.70595,44.17649,48.75000,53.40002,85.59078,92.99278,100.40932,107.83741,115.27481,122.71983,81.10564,83.29400,59.29271,40.31129,49.20064,57.35035,66.26179,66.54416,77.14637,72.45958,92.22933,136.59503,138.79225,119.17850,111.65306,123.29620,141.06308,143.40404,145.81174,148.28293,150.81450,153.40345,156.04693,158.74221,161.48670,164.27793,167.11356,169.99138,172.90926,143.71467,141.63250,127.26848,138.07974,123.88566,126.39534,127.29917,139.36939,156.41616,142.11159,154.81466,175.86523,178.85738,181.88394,184.94322,188.03361,191.15361,194.30180,197.47682,200.67740,174.96651,176.36078,177.11446,194.15281,215.68963,213.59009,211.54162,209.54571,207.60389,205.71768,203.88864,202.11830,200.40822,198.75997,195.23836,196.73974,198.30647,199.93700,201.62980,203.38330,205.19594,207.06619,208.99248,210.97328,68.20900
58.23202,63.17268,70.97997,77.00958,83.10385,65.62798,40.74502,52.87441,102.03017,109.34821,124.04951,131.42548,138.81474,122.81210,122.50159,97.89184,97.50200,65.07508,60.08133,50.09756,45.10838,16.25000,15.00000,0.00000,6.25000,10.07782,37.25965,35.05576,34.38068,61.87816,62.25577,63.52288,63.81737,62.40618,35.32218,36.79547,12.50000,6.25000,16.25000,19.52562,49.90616,53.40002,58.10820,62.86145,67.65030,100.40932,107.83741,115.27481,122.71983,130.17116,137.62778,94.95065,96.92338,72.13269,35.35534,44.81298,53.98206,58.76330,53.76453,66.43841,60.62500,80.03905,124.38128,126.79033,108.29827,100.79760,115.27989,129.27217,131.82268,134.43795,137.11429,139.84818,142.63631,145.47558,148.36303,151.29591,154.27164,157.28777,160.34203,163.43229,136.14388,134.85090,119.91045,131.96975,128.71055,132.83272,134.11312,148.17246,164.87803,147.67601,157.27787,166.55653,169.71288,172.89959,176.11500,179.35757,182.62586,185.91850,189.23423,192.57185,176.83193,181.28879,183.71386,202.75062,224.21422,221.93180,219.69491,217.50496,215.36336,213.27158,211.23110,209.24341,207.31005,205.43253,190.10001,191.33616,192.64334,194.02012,195.46502,196.97656,198.55321,200.19342,201.89566,203.65836,58.23202
53.33004,58.68486,67.01702,73.37302,81.63371,63.81737,37.75952,47.75016,100.79760,108.19904,123.03772,130.47090,137.91132,122.52551,122.69277,97.53205,97.74209,65.67260,60.72801,50.87131,45.96619,15.00000,16.25000,6.25000,0.00000,14.25219,35.32218,34.38068,35.05576,62.25577,61.87816,62.40618,65.62798,63.52288,37.25965,39.45924,18.75000,12.50000,19.52562,24.01172,52.57435,55.90170,60.41523,65.00000,69.64194,101.49276,108.84694,116.21975,123.60787,131.00871,138.42022,97.34764,99.50856,75.25997,41.55193,51.00934,60.20797,64.52955,57.62215,71.26096,64.97896,84.08515,128.27735,130.80104,112.88995,105.41955,120.77387,133.39103,136.04353,138.75496,141.52192,144.34122,147.20986,150.12501,153.08401,156.08436,159.12374,162.19993,165.31090,168.45471,141.71108,140.58055,125.54413,137.81923,134.52753,138.36376,139.56545,153.12500,169.94140,153.38498,163.39298,171.62955,174.83374,178.06570,181.32393,184.60705,187.91375,191.24281,194.59308,197.96349,182.99804,187.12045,189.24397,207.79347,229.28588,227.05446,224.86853,222.72944,220.63856,218.59727,216.60696,214.66906,212.78500,210.95622,196.05615,197.25498,198.52319,199.85946,201.26245,202.73077,204.26301,205.85773,207.51351,209.22888,53.33004
57.93665,61.80595,68.37922,73.69897,76.37285,59.53597,37.13363,53.27186,111.72301,118.99645,133.61851,140.95932,148.31607,131.96827,131.32290,107.13601,106.34004,73.77383,68.77556,58.77991,53.78269,26.27975,24.27061,10.07782,14.25219,0.00000,32.12524,28.24281,25.99579,53.30484,54.43603,56.54782,54.17708,53.21683,25.81485,26.88227,11.52443,8.83883,23.78287,24.90607,56.69270,60.33759,65.21599,70.11152,75.02083,108.53067,116.00444,123.48140,130.96099,138.44279,145.92646,101.65044,103.36714,77.99239,30.23347,39.45429,48.89402,51.00551,43.75000,57.00877,50.82522,70.10037,114.40232,116.85023,98.67283,91.19433,106.77261,119.37538,121.97297,124.63848,127.36764,130.15645,133.00115,135.89824,138.84443,141.83667,144.87210,147.94807,151.06209,154.21187,127.77238,126.85653,111.69329,124.31845,127.73569,132.97380,134.52027,150.00651,166.36861,147.09823,154.53180,157.39525,160.61024,163.85498,167.12774,170.42689,173.75094,177.09849,180.46823,183.85893,173.61281,180.10847,183.72236,204.22108,225.57389,223.15250,220.77345,218.43813,216.14795,213.90437,211.70885,209.56292,207.46811,205.42599,182.77603,183.87588,185.05139,186.30115,187.62366,189.01740,190.48081,192.01229,193.61022,195.27298,57.93665
32.50047,33.46417,37.60858,42.07702,46.34281,28.50439,7.50000,30.52279,134.03591,141.52076,156.49481,163.98361,171.47339,156.97581,157.59050,131.99491,132.72534,100.90412,95.98380,86.17071,81.28124,50.03905,51.42501,37.25965,35.32218,32.12524,0.00000,7.50000,15.00000,31.32491,28.50439,27.50000,40.69705,35.53168,22.50000,27.50000,43.63377,40.08779,53.50964,56.21527,87.16454,90.64439,95.31609,100.01953,104.75045,136.80506,144.14619,151.50289,158.87298,166.25470,173.64655,132.19600,134.18300,109.29104,57.45243,65.13508,74.18832,68.94858,46.57823,65.05406,56.01688,70.25067,110.65324,113.84793,101.02792,94.24038,117.06202,117.08536,120.36208,123.67498,127.02122,130.39824,133.80370,137.23549,140.69169,144.17053,147.67041,151.18988,154.72760,158.28234,138.02740,139.03827,123.30887,138.12500,157.14742,163.50172,165.27085,181.66440,197.80929,176.83524,181.16916,161.85299,165.43851,169.03796,172.65046,176.27521,179.91148,183.55858,187.21587,190.88277,199.22506,208.95013,213.92902,235.59267,256.84592,254.32934,251.84801,249.40297,246.99532,244.62615,242.29659,240.00780,237.76095,235.55724,196.73479,197.25102,197.84279,198.50943,199.25019,200.06425,200.95071,201.90863,202.93698,204.03471,32.50047
40.00038,40.78726,44.25105,48.10640,48.22635,31.32491,15.00000,37.91953,134.73353,142.18166,157.09273,164.55432,172.01926,156.88620,157.05418,131.88833,132.08810,99.87688,94.90332,84.96553,80.00244,49.37896,49.85134,35.05576,34.38068,28.24281,7.50000,0.00000,7.50000,28.50439,27.50000,28.50439,35.53168,31.32491,15.00000,20.00000,39.45924,36.79547,51.08969,53.04037,84.59924,88.18039,92.97597,97.79203,102.62569,135.42756,142.83951,150.26019,157.68838,165.12306,172.56339,129.65399,131.46560,106.20220,51.15082,58.46006,67.36677,61.54902,39.26075,57.64249,48.67382,63.44904,104.64411,107.74554,94.20929,87.32125,109.70308,110.89739,114.09549,117.33606,120.61567,123.93123,127.27993,130.65922,134.06678,137.50051,140.95851,144.43902,147.94046,151.46138,130.70123,131.62595,115.90170,130.66088,150.81549,157.54464,159.40931,176.34860,192.30611,170.57463,174.23157,155.00045,158.55646,162.12828,165.71491,169.31539,172.92886,176.55453,180.19165,183.83955,192.13439,202.40932,207.79347,230.01528,251.19182,248.61801,246.07909,243.57615,241.11032,238.68275,236.29460,233.94709,231.64146,229.37897,189.29363,189.83009,190.44492,191.13737,191.90659,192.75166,193.67160,194.66534,195.73175,196.86966,40.00038
47.50032,48.16483,51.13126,54.50207,51.15082,35.53168,22.50000,45.35020,135.84228,143.23277,158.04469,165.46336,172.88905,157.15488,156.87500,132.20781,131.87500,99.40644,94.40811,84.41203,79.41436,49.85134,49.37896,34.38068,35.05576,25.99579,15.00000,7.50000,0.00000,27.50000,28.50439,31.32491,31.32491,28.50439,7.50000,12.50000,36.36834,34.83219,49.69438,50.78293,82.63720,86.29980,91.19433,96.09972,101.01439,134.45492,141.91767,149.38415,156.85383,164.32628,171.80112,127.50306,129.12718,103.56535,45.21649,52.01037,60.70549,54.17708,32.02782,50.25715,41.38708,56.82347,98.83896,101.83001,87.50223,80.50621,102.36462,104.88079,107.98625,111.14180,114.34330,117.58699,120.86948,124.18768,127.53882,130.92036,134.33001,137.76567,141.22546,144.70764,123.39596,124.22415,108.50727,123.20112,144.59534,151.72446,153.69028,171.19639,186.94188,164.41777,167.34251,148.21063,151.73299,155.27341,158.83067,162.40367,165.99139,169.59290,173.20733,176.83391,185.07600,195.93725,201.75015,224.54990,245.63658,243.00394,240.40574,237.84311,235.31721,232.82924,230.38042,227.97202,225.60534,223.28169,181.85730,182.41563,183.05537,183.77566,184.57556,185.45405,186.41000,187.44224,188.54951,189.73050,47.50032
54.79877,51.35636,48.26780,47.50632,29.38165,22.50000,35.53168,55.87724,162.98965,170.41310,185.27851,192.71903,200.16400,184.61319,184.37500,159.65050,159.37500,126.89963,121.90064,111.90293,106.90424,77.18181,76.87754,61.87816,62.25577,53.30484,31.32491,28.50439,27.50000,0.00000,7.50000,15.00000,15.00000,7.50000,28.50439,30.20761,63.00422,62.13016,77.08052,77.78677,109.63362,113.33372,118.27206,123.21539,128.16310,161.83518,169.30926,176.78553,184.26374,191.74364,199.22506,154.22437,155.68021,129.91884,66.45605,70.76866,77.82693,65.38946,35.58660,52.59664,43.41389,49.37896,83.57491,87.09177,78.60353,72.88690,100.15808,90.63998,94.21601,97.81680,101.43971,105.08247,108.74307,112.41977,116.11105,119.81555,123.53208,127.25960,130.99716,134.74393,120.00651,122.69277,107.23259,123.34055,161.86897,170.70168,173.04827,192.37516,207.34275,181.79337,180.20063,138.49915,142.26217,146.03238,149.80923,153.59224,157.38096,161.17498,164.97395,168.77753,196.25398,211.38125,219.38123,244.41416,265.08810,262.24185,259.42300,256.63246,253.87115,251.14006,248.44016,245.77249,243.13812,240.53812,180.28159,180.25076,180.30431,180.44215,180.66409,180.96983,181.35893,181.83088,182.38501,183.02059,54.79877
48.44229,44.51096,40.90881,40.00751,23.93024,15.00000,31.32491,50.03514,162.06673,169.53060,184.46714,191.93912,199.41320,184.38453,184.52748,159.38603,159.55137,127.26848,122.28457,112.32104,107.34182,76.87754,77.18181,62.25577,61.87816,54.43603,28.50439,27.50000,28.50439,7.50000,0.00000,7.50000,22.50000,15.00000,31.32491,34.00368,64.83754,63.25173,77.98738,79.27898,111.12001,114.77219,119.65119,124.53978,129.43688,162.64417,170.08270,177.52641,184.97466,192.42693,199.88278,156.00731,157.62520,132.03042,70.62777,75.63533,83.12735,71.61638,42.21411,59.69323,50.40849,56.87843,90.36601,93.94001,86.00736,80.35079,107.64707,97.53900,101.16030,104.80160,108.46089,112.13642,115.82662,119.53015,123.24579,126.97250,130.70932,134.45540,138.21001,141.97245,127.50613,130.18166,114.70921,130.79236,167.44869,175.89503,178.14693,196.97418,212.19187,187.38017,186.61562,145.74212,149.51848,153.30103,157.08932,160.88296,164.68156,168.48479,172.29236,176.10396,202.92394,217.39401,224.95138,249.44470,270.24378,267.45240,264.68905,261.95461,259.25000,256.57616,253.93407,251.32473,248.74916,246.20842,187.78033,187.75073,187.80214,187.93448,188.14758,188.44118,188.81489,189.26824,189.80067,190.41150,48.44229
42.46064,37.91406,33.61221,32.50924,19.86281,7.50000,28.50439,44.69078,161.48723,168.97670,183.95822,191.45006,198.94252,184.46079,184.98416,159.47423,160.07933,128.07621,123.12500,113.23544,108.29827,77.30318,78.20746,63.52288,62.40618,56.54782,27.50000,28.50439,31.32491,15.00000,7.50000,0.00000,30.00000,22.50000,35.53168,38.89087,67.45948,65.22198,79.59369,81.43728,113.08528,116.67597,121.47852,126.29640,131.12792,163.79293,171.18156,178.57946,185.98555,193.39888,200.81864,158.12624,159.89865,134.52753,75.31704,80.90552,88.74560,78.06748,49.09334,66.87792,57.53056,64.37803,97.26133,100.88100,93.42653,87.82084,115.13749,104.52084,108.17881,111.85314,115.54227,119.24481,122.95957,126.68546,130.42153,134.16693,137.92090,141.68276,145.45190,149.22776,135.00579,137.67177,122.18870,138.24938,173.17350,181.25000,183.41061,201.74725,217.19177,193.09668,193.10882,153.00985,156.79772,160.59096,164.38919,168.19208,171.99932,175.81062,179.62574,183.44442,209.65001,223.49671,230.63093,254.59680,275.50717,272.76966,270.06072,267.38122,264.73206,262.11415,259.52844,256.97591,254.45755,251.97438,195.27917,195.25071,195.30014,195.42740,195.63234,195.91472,196.27420,196.71037,197.22270,197.81061,42.46064
68.21221,65.47882,63.08550,62.50480,42.21411,37.50000,46.50269,68.53660,165.84066,173.14192,187.79144,195.13617,202.49228,185.97925,184.98416,161.22820,160.07933,127.48928,122.51435,112.57116,107.60351,79.92672,78.44684,63.81737,65.62798,54.17708,40.69705,35.53168,31.32491,15.00000,22.50000,30.00000,0.00000,7.50000,28.50439,27.61340,61.95386,62.58120,77.44454,76.93849,108.17015,111.91864,116.91677,121.91506,126.91348,161.25484,168.75463,176.25443,183.75425,191.25408,198.75393,151.71159,152.82368,126.92579,60.08458,62.61552,68.47102,53.91689,23.93024,38.86073,30.16232,34.38068,70.42560,73.77652,63.86326,57.98707,85.18592,77.17905,80.62664,84.11377,87.63570,91.18841,94.76843,98.37279,101.99890,105.64452,109.30771,112.98675,116.68014,120.38657,105.00744,107.71962,92.29073,108.45686,151.20867,160.86194,163.40732,183.75106,198.14077,171.05943,167.64103,124.10486,127.83398,131.57300,135.32112,139.07759,142.84175,146.61301,150.39084,154.17476,183.10687,199.65791,208.60399,234.74887,255.12586,252.16718,249.23441,246.32848,243.45033,240.60097,237.78144,234.99280,232.23618,229.51272,165.28446,165.25083,165.30923,165.45957,165.70158,166.03487,166.45889,166.97296,167.57623,168.26776,68.21221
