0.00000,0.35532,0.57009,0.70401,1.06888,1.29928,1.53236,1.78133,2.01882,0.42500,0.61492,0.67546,1.01150,1.03983,1.44957,1.67798,2.00141,2.16824,1.22729,1.01119,1.34280,1.31196,1.46735,1.71483,1.85068,2.09672,2.41997,1.70074,1.86363,1.69779,1.81539,2.07981,2.18418,2.40117,2.39178,2.66012,1.92516,2.29156,2.40260,2.41415,2.29469,2.47815,2.49061,2.67219,3.03778,2.62512,2.68072,2.49562,2.98423,2.76236,2.95169,3.05747,3.21179,3.35037,3.00167,3.26161,3.15377,3.26238,3.44465,3.19863,3.57159,3.64486,3.72374,3.55141,3.58373,3.75516,3.85884,3.95380,3.96082,3.96934,4.03872,4.14012,4.32507,3.95387,4.15226,4.38534,4.31741,4.22404,4.49868,4.26746,4.42747,4.77605,4.80416,4.65759,4.64442,4.87859,4.91814,4.81566,5.04740,5.14423,5.17524,5.32711,5.16551,5.34603,5.07949,5.38429,5.26806,5.45550,5.37593,0.00000
0.35532,0.00000,0.23717,0.45621,0.82840,1.05030,1.30600,1.55503,1.77500,0.27042,0.27951,0.32016,0.65622,0.72801,1.11803,1.35577,1.68542,1.86815,0.99624,0.72887,1.00405,0.96177,1.11383,1.36221,1.50541,1.75000,2.08387,1.45129,1.57500,1.38609,1.47839,1.73656,1.83115,2.04588,2.04221,2.31138,1.66208,2.00062,2.09314,2.09359,1.95464,2.12720,2.13615,2.31746,2.68247,2.36326,2.40052,2.18932,2.66282,2.42706,2.60696,2.70751,2.85974,2.99520,2.74431,2.97542,2.85701,2.94714,3.12380,2.86225,3.23110,3.29867,3.37083,3.29109,3.30009,3.45905,3.54692,3.63817,3.63017,3.63120,3.69628,3.79119,4.05771,3.67534,3.85811,4.08075,4.00078,3.89888,4.16691,3.92747,4.08121,4.51172,4.52507,4.36212,4.33827,4.56625,4.59653,4.48839,4.71222,4.80501,4.90312,5.05056,4.87814,5.04740,4.76760,5.06538,4.94229,5.12311,5.03866,0.35532
0.57009,0.23717,0.00000,0.27042,0.61847,0.83104,1.09345,1.34001,1.55181,0.45621,0.26575,0.17678,0.46971,0.49117,0.88388,1.11943,1.44849,1.63133,1.02042,0.71589,0.88070,0.80700,0.90588,1.15027,1.28062,1.52684,1.85236,1.43962,1.51678,1.30096,1.34838,1.59001,1.65473,1.85152,1.82294,2.09075,1.63133,1.93294,2.00062,1.98510,1.81332,1.95736,1.95080,2.11261,2.48508,2.32406,2.34121,2.10015,2.54914,2.29197,2.45204,2.53882,2.68386,2.80179,2.70647,2.90528,2.77511,2.84088,3.00884,2.72328,3.08322,3.13847,3.19081,3.24692,3.23120,3.37509,3.44284,3.52881,3.49866,3.48685,3.54348,3.62328,4.00328,3.61049,3.77508,3.98450,3.88909,3.77525,4.03245,3.77905,3.91950,4.45905,4.45702,4.27617,4.23947,4.45905,4.47668,4.36040,4.57124,4.65678,4.84155,4.98404,4.80026,4.95631,4.66061,4.94855,4.81586,4.98623,4.89368,0.57009
0.70401,0.45621,0.27042,0.00000,0.37500,0.60208,0.85147,1.10114,1.32712,0.71151,0.53151,0.41003,0.57554,0.37165,0.79569,1.00000,1.31196,1.46735,1.27009,0.95688,1.03259,0.92500,0.91924,1.14127,1.22602,1.47246,1.75731,1.66602,1.71026,1.47585,1.47521,1.69004,1.70770,1.86715,1.77658,2.03669,1.84340,2.11320,2.15711,2.12515,1.91638,2.01634,1.98274,2.10149,2.48697,2.52401,2.52500,2.25887,2.67792,2.39713,2.52846,2.59326,2.72511,2.80947,2.90528,3.07612,2.93566,2.97595,3.13309,2.81969,3.16514,3.20205,3.22151,3.43848,3.40165,3.53067,3.57718,3.65693,3.60035,3.57159,3.61602,3.67236,4.18397,3.78319,3.93009,4.12530,4.01318,3.88563,4.12826,3.85689,3.97720,4.64018,4.62446,4.42677,4.37679,4.58653,4.58939,4.46346,4.65678,4.73207,5.01411,5.15182,4.95763,5.10006,4.78781,5.06372,4.91967,5.07623,4.97293,0.70401
1.06888,0.82840,0.61847,0.37500,0.00000,0.23049,0.47762,0.72672,0.95296,1.07384,0.85037,0.70445,0.70045,0.30208,0.60104,0.73527,1.00902,1.13192,1.52192,1.20416,1.14045,0.99812,0.85037,1.01520,1.03078,1.26343,1.48871,1.86011,1.84476,1.58902,1.51596,1.68170,1.63191,1.73439,1.56625,1.81004,2.00655,2.21501,2.21923,2.16232,1.90411,1.93810,1.86832,1.92695,2.32123,2.65259,2.62512,2.32231,2.68666,2.37553,2.46272,2.49562,2.60732,2.64622,3.02696,3.14692,2.99103,2.99009,3.12860,2.77781,3.09778,3.10846,3.08322,3.54189,3.46852,3.57159,3.58373,3.65308,3.55712,3.50402,3.53076,3.55431,4.26277,3.85073,3.96689,4.13778,4.00031,3.85292,4.07224,3.77707,3.86846,4.71732,4.67787,4.45316,4.38214,4.57527,4.55556,4.41595,4.58271,4.64307,5.07451,5.20342,4.99249,5.11200,4.77507,5.03122,4.87083,5.00650,4.88832,1.06888
1.29928,1.05030,0.83104,0.60208,0.23049,0.00000,0.26926,0.50990,0.72543,1.28695,1.04403,0.89338,0.81624,0.41608,0.52738,0.58523,0.81624,0.91549,1.66527,1.35208,1.21501,1.06095,0.83815,0.95131,0.91686,1.13054,1.31077,1.96421,1.91377,1.65095,1.53664,1.66771,1.57678,1.64050,1.42522,1.65473,2.09001,2.25846,2.23844,2.16708,1.88282,1.87500,1.78361,1.80312,2.19829,2.70751,2.66282,2.34094,2.66763,2.34121,2.40013,2.41299,2.51122,2.52203,3.07459,3.16228,2.99802,2.97174,3.09778,2.72683,3.02872,3.02335,2.97122,3.57500,3.47940,3.56590,3.55686,3.61948,3.50000,3.43238,3.44828,3.45199,4.27734,3.86005,3.95672,4.11195,3.95956,3.80074,4.00500,3.69670,3.77036,4.72930,4.67527,4.43466,4.35101,4.53335,4.50000,4.35259,4.50285,4.55412,5.07506,5.19820,4.97751,5.08263,4.73161,4.97506,4.80527,4.92804,4.80130,1.29928
1.53236,1.30600,1.09345,0.85147,0.47762,0.26926,0.00000,0.25000,0.49117,1.54960,1.31244,1.16216,1.07529,0.68237,0.69327,0.65192,0.77540,0.80039,1.92760,1.61652,1.45129,1.29349,1.02956,1.09202,1.00281,1.17925,1.27696,2.20978,2.14009,1.87500,1.73385,1.83473,1.70624,1.72518,1.45129,1.65246,2.32392,2.46539,2.42706,2.34441,2.04022,1.99076,1.87650,1.84560,2.23607,2.92030,2.86324,2.52834,2.81980,2.48118,2.51010,2.50000,2.58094,2.55453,3.28072,3.34253,3.17185,3.12270,3.23593,2.84660,3.12660,3.10252,3.01672,3.76837,3.65462,3.72601,3.69679,3.75242,3.60867,3.52509,3.52819,3.50731,4.45344,4.03268,4.11134,4.25096,4.08389,3.91352,4.10030,3.77798,3.82957,4.90217,4.83509,4.57998,4.48400,4.65470,4.60679,4.45112,4.58183,4.62196,5.23701,5.35455,5.12500,5.21566,4.85084,5.07999,4.90006,5.00756,4.87083,1.53236
1.78133,1.55503,1.34001,1.10114,0.72672,0.50990,0.25000,0.00000,0.25739,1.79618,1.55242,1.40112,1.28695,0.91001,0.83254,0.71589,0.72543,0.67315,2.13966,1.83388,1.62980,1.46991,1.17154,1.18533,1.05149,1.18454,1.20130,2.39439,2.30054,2.03485,1.86581,1.93423,1.77095,1.74678,1.42522,1.59472,2.49261,2.60108,2.54276,2.44872,2.12720,2.03731,1.90296,1.82517,2.20511,3.06033,2.98925,2.64197,2.89418,2.54583,2.54472,2.51247,2.57609,2.51508,3.41147,3.44384,3.26697,3.19394,3.29336,2.88801,3.14454,3.10252,2.98549,3.88273,3.74917,3.80403,3.75383,3.80206,3.63456,3.53571,3.52642,3.48228,4.54650,4.12311,4.18218,4.30501,4.12348,3.94216,4.11096,3.77632,3.80666,4.99062,4.90949,4.63964,4.53114,4.68948,4.62709,4.46374,4.57500,4.60435,5.31284,5.42414,5.18562,5.26100,4.88294,5.09718,4.90771,5.00006,4.85412,1.78133
2.01882,1.77500,1.55181,1.32712,0.95296,0.72543,0.49117,0.25739,0.00000,2.00562,1.74678,1.59472,1.43962,1.09345,0.92229,0.74246,0.63246,0.50062,2.28213,1.98699,1.73349,1.57421,1.24549,1.20675,1.03350,1.11496,1.05030,2.49662,2.37303,2.10965,1.91050,1.94165,1.74428,1.67631,1.31529,1.45022,2.57354,2.64114,2.56040,2.45459,2.11808,1.98699,1.83439,1.71172,2.07635,3.10212,3.01507,2.65636,2.86356,2.50799,2.47601,2.42203,2.46830,2.37553,3.44029,3.43893,3.25624,3.15793,3.24230,2.82323,3.05461,2.99552,2.85011,3.89045,3.73530,3.77202,3.70000,3.74040,3.54982,3.43657,3.41550,3.35000,4.52804,4.10320,4.14103,4.24595,4.05039,3.85884,4.00952,3.66444,3.67500,4.96588,4.86987,4.58530,4.46430,4.60977,4.53335,4.36306,4.45568,4.47507,5.27376,5.37820,5.13085,5.19044,4.80007,4.99925,4.80111,4.87910,4.72507,2.01882
0.42500,0.27042,0.45621,0.71151,1.07384,1.28695,1.54960,1.79618,2.00562,0.00000,0.30208,0.43661,0.73824,0.92635,1.27402,1.52192,1.85540,2.05502,0.80351,0.59424,0.97082,0.97243,1.20052,1.44957,1.62115,1.85759,2.21599,1.27598,1.44265,1.28865,1.43265,1.70660,1.84391,2.08626,2.13600,2.40637,1.50021,1.87033,1.98888,2.00811,1.91344,2.12500,2.15928,2.37539,2.72236,2.20014,2.25680,2.07996,2.57730,2.37118,2.57694,2.69745,2.86007,3.02541,2.57694,2.83835,2.73324,2.85044,3.03645,2.80769,3.18640,3.27156,3.37500,3.12660,3.15991,3.33401,3.44420,3.54127,3.56107,3.57946,3.65624,3.77359,3.90008,3.52934,3.73037,3.96682,3.90520,3.81846,4.09954,3.88016,4.05285,4.35115,4.37957,4.23586,4.22641,4.46346,4.50902,4.41149,4.65195,4.75460,4.75026,4.90230,4.74190,4.92500,4.66402,4.97293,4.86216,5.05625,4.98310,0.42500
0.61492,0.27951,0.26575,0.53151,0.85037,1.04403,1.31244,1.55242,1.74678,0.30208,0.00000,0.15207,0.43732,0.65431,0.97628,1.22577,1.55925,1.76440,0.76035,0.46704,0.72887,0.70045,0.90139,1.15109,1.31933,1.55664,1.91393,1.19504,1.30096,1.10708,1.20260,1.46501,1.57520,1.80451,1.83746,2.10787,1.39754,1.72500,1.81401,1.81418,1.68077,1.86564,1.88580,2.08716,2.44182,2.09657,2.12735,1.91050,2.38354,2.15087,2.33680,2.44387,2.60024,2.74966,2.47853,2.70000,2.57937,2.66763,2.84451,2.58662,2.95772,3.02995,3.11338,3.02335,3.02510,3.18129,3.26745,3.35866,3.35261,3.35652,3.42427,3.52580,3.78690,3.40147,3.58059,3.80173,3.72131,3.62017,3.88973,3.65385,3.81256,4.24161,4.25066,4.08427,4.05909,4.28675,4.31741,4.21011,4.43629,4.53100,4.63047,4.77664,4.60170,4.76898,4.48811,4.78605,4.66376,4.84620,4.76366,0.61492
0.67546,0.32016,0.17678,0.41003,0.70445,0.89338,1.16216,1.40112,1.59472,0.43661,0.15207,0.00000,0.33634,0.50249,0.83815,1.08541,1.41885,1.61941,0.86023,0.54886,0.71107,0.65000,0.79726,1.04672,1.20052,1.44222,1.78885,1.26738,1.34001,1.12528,1.18242,1.43113,1.51348,1.72572,1.73007,2.00000,1.45602,1.75642,1.82654,1.81401,1.65246,1.81177,1.81676,1.99828,2.36233,2.14767,2.16449,1.92565,2.37973,2.12911,2.29810,2.39283,2.54276,2.67512,2.53007,2.72913,2.60000,2.66985,2.84000,2.56223,2.92617,2.98768,3.05287,3.07022,3.05502,3.20039,3.27156,3.35876,3.33513,3.32838,3.38895,3.47716,3.82655,3.43411,3.60035,3.81182,3.71971,3.60919,3.87016,3.62250,3.76978,4.28230,4.28092,4.10191,4.06732,4.28872,4.30965,4.19591,4.41163,4.50035,4.66510,4.80787,4.62507,4.78291,4.49027,4.78076,4.65094,4.82506,4.73583,0.67546
1.01150,0.65622,0.46971,0.57554,0.70045,0.81624,1.07529,1.28695,1.43962,0.73824,0.43732,0.33634,0.00000,0.40697,0.57500,0.82538,1.15434,1.37500,0.85330,0.54829,0.46098,0.35089,0.46503,0.71502,0.88353,1.11943,1.48092,1.16001,1.15596,0.91001,0.90139,1.12805,1.18533,1.39014,1.40089,1.67126,1.30886,1.54616,1.58213,1.55000,1.35324,1.48766,1.48408,1.66208,2.02639,1.96930,1.95848,1.68412,2.10535,1.83371,1.98447,2.06912,2.21472,2.34001,2.34800,2.50325,2.36075,2.40208,2.56223,2.26177,2.61737,2.66939,2.72271,2.87457,2.82843,2.95519,3.00375,3.08515,3.03994,3.02200,3.07581,3.15357,3.61360,3.21033,3.35457,3.55079,3.44284,3.32086,3.57159,3.31257,3.45009,4.06971,4.05008,3.85130,3.80296,4.01528,4.02384,3.90272,4.10708,4.19002,4.44072,4.57739,4.38214,4.52528,4.21671,4.49722,4.35868,4.52362,4.42789,1.01150
1.03983,0.72801,0.49117,0.37165,0.30208,0.41608,0.68237,0.91001,1.09345,0.92635,0.65431,0.50249,0.40697,0.00000,0.42426,0.63885,0.96209,1.14018,1.25000,0.93608,0.83853,0.69642,0.58363,0.78462,0.85513,1.10114,1.39014,1.56565,1.54293,1.28695,1.22091,1.40022,1.37772,1.51348,1.40557,1.66508,1.70660,1.91377,1.92256,1.87033,1.62500,1.68671,1.63650,1.73656,2.12500,2.35053,2.32433,2.02562,2.40325,2.10134,2.20709,2.25624,2.37973,2.44872,2.72511,2.85011,2.69676,2.70567,2.85011,2.51247,2.84429,2.86814,2.86923,3.24133,3.17264,3.28101,3.30237,3.37509,3.29365,3.25125,3.28672,3.32838,3.96548,3.55501,3.67764,3.85519,3.72575,3.58556,3.81486,3.53058,3.63748,4.42048,4.38534,4.16691,4.10191,4.30065,4.28930,4.15519,4.33417,4.40206,4.78076,4.91153,4.70439,4.83024,4.50111,4.76478,4.61099,4.75618,4.64523,1.03983
1.44957,1.11803,0.88388,0.79569,0.60104,0.52738,0.69327,0.83254,0.92229,1.27402,0.97628,0.83815,0.57500,0.42426,0.00000,0.25125,0.58363,0.80000,1.37568,1.09829,0.81125,0.65192,0.34004,0.42500,0.43732,0.68007,0.97082,1.57520,1.46820,1.20260,1.04193,1.14701,1.05030,1.13385,0.98520,1.24197,1.66208,1.77553,1.73385,1.65322,1.35854,1.35093,1.27009,1.33065,1.72355,2.23271,2.17083,1.83525,2.14257,1.81401,1.87650,1.89885,2.00702,2.04848,2.58964,2.65106,2.48244,2.44655,2.57063,2.20057,2.50799,2.51122,2.48244,3.07510,2.96490,3.04385,3.02995,3.09213,2.97542,2.91301,2.93471,2.95349,3.76364,3.34412,3.43293,3.58504,3.43238,3.27510,3.48398,3.18198,3.26822,4.21374,4.15346,3.90872,3.82369,4.00632,3.97531,3.83023,3.98811,4.04514,4.55419,4.67527,4.45211,4.55535,4.20476,4.45063,4.28384,4.41262,4.29105,1.44957
1.67798,1.35577,1.11943,1.00000,0.73527,0.58523,0.65192,0.71589,0.74246,1.52192,1.22577,1.08541,0.82538,0.63885,0.25125,0.00000,0.33354,0.55057,1.60721,1.34001,1.01796,0.86350,0.51478,0.47170,0.35089,0.54601,0.76035,1.77077,1.63248,1.37045,1.16887,1.21912,1.06125,1.07529,0.84039,1.07616,1.83525,1.90148,1.83115,1.73385,1.41156,1.34001,1.22526,1.21912,1.61400,2.36233,2.28158,1.92938,2.18203,1.83746,1.85826,1.85068,1.93810,1.93730,2.70567,2.72809,2.55110,2.48319,2.58964,2.19559,2.47550,2.45624,2.38917,3.16909,3.03336,3.09122,3.05061,3.10373,2.95677,2.87511,2.88195,2.87337,3.83088,3.40771,3.47212,3.60390,3.43302,3.26161,3.45000,3.13139,3.19345,4.27566,4.19829,3.93526,3.83487,4.00328,3.95506,3.80033,3.93645,3.98152,4.60122,4.71500,4.48086,4.56625,4.19918,4.42846,4.25007,4.36212,4.22966,1.67798
2.00141,1.68542,1.44849,1.31196,1.00902,0.81624,0.77540,0.72543,0.63246,1.85540,1.55925,1.41885,1.15434,0.96209,0.58363,0.33354,0.00000,0.24622,1.90739,1.65473,1.29808,1.15244,0.79451,0.66049,0.44511,0.48283,0.50312,2.02562,1.85236,1.60020,1.36015,1.34536,1.12361,1.04403,0.70000,0.87928,2.06231,2.07018,1.96612,1.85068,1.50541,1.35577,1.20208,1.10000,1.48029,2.52846,2.42500,2.05822,2.23607,1.87883,1.84408,1.79618,1.85270,1.79252,2.85055,2.82245,2.63688,2.52834,2.61008,2.19103,2.42912,2.37973,2.26122,3.28110,3.11328,3.14295,3.06757,3.10815,2.92254,2.81603,2.80279,2.75726,3.90296,3.47797,3.50972,3.61360,3.41989,3.23120,3.39061,3.05256,3.08150,4.33820,4.23859,3.95285,3.83275,3.98121,3.91040,3.74383,3.85008,3.87895,4.64247,4.74605,4.49840,4.55967,4.17260,4.37864,4.18576,4.27500,4.12871,2.00141
2.16824,1.86815,1.63133,1.46735,1.13192,0.91549,0.80039,0.67315,0.50062,2.05502,1.76440,1.61941,1.37500,1.14018,0.80000,0.55057,0.24622,0.00000,2.14767,1.88845,1.54212,1.39463,1.03712,0.90588,0.68648,0.68007,0.55000,2.27184,2.09657,1.84560,1.60176,1.57341,1.33534,1.21886,0.83104,0.95000,2.30705,2.30489,2.19232,2.07199,1.72210,1.54434,1.37591,1.22091,1.57817,2.76134,2.65189,2.28213,2.43118,2.07138,2.01029,1.94052,1.97690,1.87517,3.07673,3.03119,2.84297,2.71765,2.78714,2.35850,2.57099,2.50325,2.35000,3.49518,3.31521,3.33242,3.24047,3.27433,3.06808,2.94714,2.92104,2.85011,4.09939,3.67466,3.69121,3.78054,3.57509,3.37731,3.51826,3.16938,3.17510,4.52942,4.41942,4.12288,3.99257,4.12924,4.04514,3.87177,3.95790,3.97531,4.82293,4.92119,4.66704,4.71500,4.31741,4.50867,4.30712,4.38078,4.22530,2.16824
1.22729,0.99624,1.02042,1.27009,1.52192,1.66527,1.92760,2.13966,2.28213,0.80351,0.76035,0.86023,0.85330,1.25000,1.37568,1.60721,1.90739,2.14767,0.00000,0.31820,0.62500,0.75664,1.11383,1.30024,1.52684,1.70294,2.10238,0.47566,0.69327,0.63738,0.89617,1.17180,1.40912,1.70386,1.90739,2.15870,0.70711,1.10680,1.26343,1.31743,1.32877,1.62250,1.72210,2.01944,2.29469,1.40089,1.47139,1.34280,1.86765,1.72572,1.98021,2.14257,2.32392,2.55856,1.77518,2.05502,1.96469,2.11734,2.31530,2.15058,2.54018,2.66012,2.83196,2.32513,2.37237,2.55979,2.69595,2.80022,2.86324,2.91258,3.01081,3.17264,3.10040,2.73644,2.95169,3.20156,3.16327,3.09940,3.39899,3.21753,3.42509,3.55009,3.58556,3.45697,3.46239,3.70919,3.77467,3.69332,3.95885,4.07776,3.95198,4.10617,3.95364,4.14804,3.90800,4.22973,4.13657,4.34986,4.29571,1.22729
1.01119,0.72887,0.71589,0.95688,1.20416,1.35208,1.61652,1.83388,1.98699,0.59424,0.46704,0.54886,0.54829,0.93608,1.09829,1.34001,1.65473,1.88845,0.31820,0.00000,0.45894,0.53968,0.87643,1.09345,1.30863,1.51038,1.90296,0.72801,0.85330,0.69642,0.87070,1.15244,1.33534,1.60877,1.74732,2.01029,0.93341,1.28111,1.39463,1.41620,1.34559,1.59099,1.65548,1.91654,2.23005,1.63440,1.67519,1.48598,1.98447,1.78973,2.01122,2.14782,2.31908,2.51645,2.01556,2.25347,2.14272,2.25624,2.44297,2.22514,2.60792,2.70416,2.83395,2.56223,2.57694,2.74431,2.85011,2.94703,2.97122,2.99635,3.07916,3.21141,3.32960,2.95011,3.14185,3.37435,3.31097,3.22568,3.50972,3.29867,3.48210,3.78327,3.80033,3.64700,3.63361,3.86951,3.91511,3.81911,4.06402,4.17051,4.17620,4.32500,4.15752,4.33503,4.07017,4.37871,4.26907,4.46598,4.39666,1.01119
1.34280,1.00405,0.88070,1.03259,1.14045,1.21501,1.45129,1.62980,1.73349,0.97082,0.72887,0.71107,0.46098,0.83853,0.81125,1.01796,1.29808,1.54212,0.62500,0.45894,0.00000,0.16008,0.50621,0.67546,0.90312,1.07964,1.47839,0.76526,0.70445,0.45069,0.47434,0.73824,0.88459,1.15109,1.29808,1.55744,0.87500,1.08541,1.12611,1.10454,0.95197,1.15569,1.20416,1.45774,1.77658,1.51348,1.49771,1.22729,1.66883,1.42302,1.61032,1.72663,1.89011,2.06897,1.89027,2.04359,1.90411,1.96023,2.12897,1.85826,2.22893,2.30448,2.40533,2.41415,2.36907,2.50112,2.56223,2.64823,2.62702,2.62774,2.69595,2.80401,3.15288,2.75068,2.90097,3.10494,3.00884,2.89881,3.16327,2.92500,3.08677,3.60902,3.59209,3.40000,3.35932,3.57841,3.59878,3.48658,3.70818,3.80214,3.98152,4.11947,3.92787,4.07776,3.77996,4.06971,3.94121,4.11924,4.03500,1.34280
1.31196,0.96177,0.80700,0.92500,0.99812,1.06095,1.29349,1.46991,1.57421,0.97243,0.70045,0.65000,0.35089,0.69642,0.65192,0.86350,1.15244,1.39463,0.75664,0.53968,0.16008,0.00000,0.35795,0.55509,0.77540,0.97082,1.36473,0.92534,0.85330,0.59266,0.55057,0.78302,0.87500,1.11496,1.21166,1.47733,1.03078,1.21758,1.23744,1.20026,1.00654,1.16619,1.18770,1.41001,1.75018,1.65529,1.62865,1.34001,1.75446,1.48598,1.64810,1.74589,1.90016,2.05335,2.02885,2.16232,2.01556,2.05137,2.21148,1.91638,2.27706,2.33800,2.41299,2.54583,2.48659,2.60768,2.65295,2.73427,2.69270,2.68014,2.73907,2.82942,3.27567,2.86891,3.00666,3.20039,3.09213,2.97174,3.22578,2.97321,3.12030,3.73137,3.70557,3.50223,3.45226,3.66444,3.67432,3.55501,3.76431,3.85106,4.09794,4.23269,4.03438,4.17507,3.86588,4.14736,4.01077,4.17926,4.08725,1.31196
1.46735,1.11383,0.90588,0.91924,0.85037,0.83815,1.02956,1.17154,1.24549,1.20052,0.90139,0.79726,0.46503,0.58363,0.34004,0.51478,0.79451,1.03712,1.11383,0.87643,0.50621,0.35795,0.00000,0.25000,0.43661,0.66002,1.03712,1.25623,1.13137,0.86639,0.70445,0.83442,0.79451,0.95197,0.93608,1.20649,1.32877,1.43636,1.40201,1.32900,1.05475,1.10369,1.06360,1.20675,1.58114,1.89291,1.83388,1.50416,1.83882,1.52520,1.62346,1.67631,1.80589,1.90016,2.25125,2.32433,2.16001,2.14272,2.27843,1.93084,2.26067,2.28706,2.30339,2.74146,2.64126,2.73096,2.73427,2.80279,2.71155,2.66763,2.70428,2.75341,3.43920,3.02200,3.12380,3.28871,3.15010,3.00510,3.23149,2.94756,3.05951,3.89118,3.83968,3.60642,3.53217,3.72508,3.70844,3.57246,3.75075,3.82001,4.23866,4.36363,4.14736,4.26241,3.92500,4.18405,4.02810,4.17260,4.06263,1.46735
1.71483,1.36221,1.15027,1.14127,1.01520,0.95131,1.09202,1.18533,1.20675,1.44957,1.15109,1.04672,0.71502,0.78462,0.42500,0.47170,0.66049,0.90588,1.30024,1.09345,0.67546,0.55509,0.25000,0.00000,0.23049,0.41908,0.80971,1.36953,1.19269,0.93975,0.70799,0.74917,0.62550,0.72887,0.68648,0.95688,1.40201,1.43462,1.35946,1.26343,0.94868,0.92635,0.85513,0.96501,1.34629,1.89555,1.81056,1.45774,1.72808,1.39329,1.45194,1.48071,1.59726,1.66827,2.23509,2.25942,2.08462,2.03132,2.14971,1.77570,2.08462,2.09359,2.08462,2.69780,2.56734,2.63403,2.60984,2.66985,2.55049,2.49023,2.51558,2.54583,3.36573,2.94364,3.01962,3.16475,3.00843,2.85011,3.06023,2.76191,2.85712,3.81264,3.74308,3.49088,3.40165,3.58207,3.55035,3.40588,3.56765,3.62836,4.14503,4.26277,4.03524,4.13348,3.78029,4.02570,3.85981,3.99163,3.87331,1.71483
1.85068,1.50541,1.28062,1.22602,1.03078,0.91686,1.00281,1.05149,1.03350,1.62115,1.31933,1.20052,0.88353,0.85513,0.43732,0.35089,0.44511,0.68648,1.52684,1.30863,0.90312,0.77540,0.43661,0.23049,0.00000,0.24749,0.60104,1.59765,1.41090,1.16297,0.91549,0.91001,0.71981,0.72672,0.55057,0.81317,1.62211,1.62673,1.53052,1.42149,1.08541,0.99058,0.87500,0.89617,1.29059,2.08597,1.98778,1.62500,1.84340,1.49436,1.50748,1.50187,1.59472,1.61555,2.41350,2.40637,2.22514,2.14257,2.24346,1.84560,2.12515,2.10950,2.05700,2.85701,2.70567,2.75341,2.70428,2.75545,2.60588,2.52550,2.53500,2.53537,3.50089,3.07663,3.13069,3.25672,3.08302,2.91076,3.10010,2.78411,2.85351,3.94248,3.85811,3.58966,3.48613,3.65282,3.60425,3.45009,3.58974,3.63808,4.26153,4.37271,4.13552,4.21723,3.84854,4.07776,3.90032,4.01528,3.88563,1.85068
2.09672,1.75000,1.52684,1.47246,1.26343,1.13054,1.17925,1.18454,1.11496,1.85759,1.55664,1.44222,1.11943,1.10114,0.68007,0.54601,0.48283,0.68007,1.70294,1.51038,1.07964,0.97082,0.66002,0.41908,0.24749,0.00000,0.40000,1.71646,1.49520,1.26738,0.98900,0.91001,0.65622,0.56403,0.30516,0.56569,1.70880,1.65076,1.52192,1.39665,1.04433,0.87321,0.72154,0.67315,1.06800,2.10060,1.98116,1.60877,1.75588,1.39754,1.36428,1.32877,1.40201,1.39149,2.40442,2.35120,2.16333,2.04649,2.12735,1.71026,1.96023,1.92516,1.84391,2.81536,2.63688,2.66130,2.58517,2.62702,2.45013,2.35332,2.35053,2.33037,3.42381,2.99885,3.02696,3.13209,2.94215,2.75794,2.92884,2.60048,2.65165,3.85722,3.75583,3.47068,3.35308,3.50616,3.44284,3.28110,3.40331,3.44284,4.15970,4.26329,4.01637,4.08121,3.69899,3.91352,3.72710,3.82900,3.69163,2.09672
2.41997,2.08387,1.85236,1.75731,1.48871,1.31077,1.27696,1.20130,1.05030,2.21599,1.91393,1.78885,1.48092,1.39014,0.97082,0.76035,0.50312,0.55000,2.10238,1.90296,1.47839,1.36473,1.03712,0.80971,0.60104,0.40000,0.00000,2.10861,1.87500,1.65718,1.37045,1.25225,0.96469,0.76035,0.33634,0.40000,2.08806,1.99123,1.83746,1.70018,1.34559,1.09659,0.90588,0.68784,1.02987,2.42745,2.29020,1.91523,1.97563,1.61652,1.51038,1.41620,1.43723,1.32524,2.70578,2.60156,2.40832,2.24680,2.29469,1.85607,2.04022,1.96119,1.80000,3.07673,2.86586,2.85701,2.73918,2.76428,2.53833,2.40793,2.37592,2.30014,3.63352,3.21141,3.20039,3.26956,3.05225,2.84715,2.97626,2.62345,2.62512,4.05193,3.92508,3.61464,3.47320,3.59905,3.50616,3.32951,3.40918,3.42536,4.32702,4.41765,4.15587,4.19002,3.78451,3.96682,3.76181,3.83161,3.67534,2.41997
1.70074,1.45129,1.43962,1.66602,1.86011,1.96421,2.20978,2.39439,2.49662,1.27598,1.19504,1.26738,1.16001,1.56565,1.57520,1.77077,2.02562,2.27184,0.47566,0.72801,0.76526,0.92534,1.25623,1.36953,1.59765,1.71646,2.10861,0.00000,0.31325,0.45277,0.75042,0.96598,1.25623,1.55985,1.85422,2.07515,0.23717,0.66049,0.85147,0.93842,1.05386,1.39149,1.53480,1.87033,2.07921,0.92534,1.00062,0.91549,1.45022,1.36679,1.65076,1.83933,2.02808,2.30489,1.30096,1.58371,1.50208,1.67798,1.88232,1.76812,2.15783,2.30054,2.51719,1.85068,1.89885,2.09195,2.24235,2.35053,2.44093,2.51060,2.62226,2.81214,2.62512,2.26122,2.48118,2.73701,2.71155,2.66177,2.97122,2.81536,3.04385,3.07541,3.11006,2.98590,2.99802,3.24933,3.32538,3.25356,3.53288,3.66103,3.47644,3.63051,3.47922,3.67730,3.44692,3.77467,3.69121,3.91472,3.87177,1.70074
1.86363,1.57500,1.51678,1.71026,1.84476,1.91377,2.14009,2.30054,2.37303,1.44265,1.30096,1.34001,1.15596,1.54293,1.46820,1.63248,1.85236,2.09657,0.69327,0.85330,0.70445,0.85330,1.13137,1.19269,1.41090,1.49520,1.87500,0.31325,0.00000,0.26575,0.50621,0.67546,0.97532,1.27525,1.59883,1.80434,0.21360,0.42793,0.57064,0.63738,0.74330,1.08541,1.23744,1.57995,1.77200,0.81432,0.82651,0.65000,1.17527,1.06125,1.34001,1.52643,1.71501,1.99264,1.19504,1.40089,1.29059,1.42522,1.62211,1.47246,1.86296,1.99765,2.20582,1.73079,1.72518,1.89159,2.00904,2.11084,2.17083,2.22626,2.33091,2.51023,2.48759,2.10060,2.28870,2.52500,2.47449,2.40637,2.70601,2.53143,2.74966,2.94300,2.95011,2.79397,2.78500,3.02593,3.08423,3.00042,3.26621,3.38711,3.32960,3.47581,3.30464,3.48255,3.22578,3.54207,3.44465,3.65659,3.60347,1.86363
1.69779,1.38609,1.30096,1.47585,1.58902,1.65095,1.87500,2.03485,2.10965,1.28865,1.10708,1.12528,0.91001,1.28695,1.20260,1.37045,1.60020,1.84560,0.63738,0.69642,0.45069,0.59266,0.86639,0.93975,1.16297,1.26738,1.65718,0.45277,0.26575,0.00000,0.30104,0.54829,0.81892,1.12278,1.40201,1.62673,0.46503,0.63738,0.70711,0.71981,0.69147,0.99562,1.11496,1.43723,1.67798,1.06360,1.04940,0.80351,1.28865,1.10255,1.34536,1.50520,1.68690,1.92938,1.43962,1.60488,1.47521,1.56465,1.74803,1.53501,1.92126,2.03039,2.19460,1.96469,1.93084,2.07635,2.16232,2.25610,2.27500,2.30448,2.39296,2.54178,2.70855,2.31098,2.47614,2.69467,2.61964,2.52982,2.81347,2.60792,2.80179,3.16475,3.15634,2.97878,2.95222,3.18208,3.22112,3.12300,3.36842,3.47716,3.54233,3.68349,3.50000,3.66231,3.38323,3.68655,3.57351,3.76962,3.70177,1.69779
1.81539,1.47839,1.34838,1.47521,1.51596,1.53664,1.73385,1.86581,1.91050,1.43265,1.20260,1.18242,0.90139,1.22091,1.04193,1.16887,1.36015,1.60176,0.89617,0.87070,0.47434,0.55057,0.70445,0.70799,0.91549,0.98900,1.37045,0.75042,0.50621,0.30104,0.00000,0.28284,0.52202,0.82462,1.10454,1.32594,0.71981,0.73527,0.70401,0.65192,0.48088,0.73015,0.82765,1.14018,1.39866,1.19504,1.12944,0.80700,1.20416,0.94868,1.14483,1.27720,1.45000,1.66527,1.54778,1.63133,1.47585,1.50083,1.66208,1.38406,1.75659,1.83933,1.96421,2.03854,1.95256,2.06231,2.10238,2.18418,2.15320,2.15407,2.22500,2.34361,2.74739,2.33479,2.46031,2.65012,2.54276,2.42706,2.68910,2.45217,2.62023,3.20156,3.16475,2.95381,2.90172,3.11448,3.12830,3.01351,3.23390,3.32885,3.55985,3.69121,3.48793,3.62500,3.31597,3.60035,3.46852,3.64495,3.56107,1.81539
2.07981,1.73656,1.59001,1.69004,1.68170,1.66771,1.83473,1.93423,1.94165,1.70660,1.46501,1.43113,1.12805,1.40022,1.14701,1.21912,1.34536,1.57341,1.17180,1.15244,0.73824,0.78302,0.83442,0.74917,0.91001,0.91001,1.25225,0.96598,0.67546,0.54829,0.28284,0.00000,0.30414,0.60000,0.94868,1.13496,0.87643,0.74204,0.62099,0.51478,0.22638,0.45069,0.57009,0.90554,1.12971,1.19085,1.07964,0.71502,1.00499,0.70711,0.87214,0.99562,1.16726,1.38677,1.50520,1.51038,1.33721,1.30863,1.45000,1.13385,1.49520,1.56625,1.68170,1.95080,1.82003,1.89819,1.90263,1.97500,1.91213,1.89737,1.95975,2.06700,2.61880,2.19801,2.28979,2.45624,2.32715,2.19559,2.44361,2.19160,2.34854,3.06757,3.00759,2.77218,2.70185,2.90172,2.89935,2.77511,2.98130,3.06941,3.40771,3.53058,3.31295,3.43083,3.10252,3.37380,3.23120,3.39641,3.30473,2.07981
2.18418,1.83115,1.65473,1.70770,1.63191,1.57678,1.70624,1.77095,1.74428,1.84391,1.57520,1.51348,1.18533,1.37772,1.05030,1.06125,1.12361,1.33534,1.40912,1.33534,0.88459,0.87500,0.79451,0.62550,0.71981,0.65622,0.96469,1.25623,0.97532,0.81892,0.52202,0.30414,0.00000,0.30414,0.65000,0.83104,1.17925,1.02865,0.87500,0.74330,0.38891,0.30923,0.32016,0.61847,0.89513,1.46309,1.33159,0.95721,1.12361,0.77621,0.83104,0.88671,1.02956,1.18454,1.75232,1.69890,1.51348,1.42302,1.52971,1.15027,1.46735,1.49436,1.53968,2.16001,1.99123,2.03362,1.99060,2.04710,1.92646,1.87417,1.91001,1.96977,2.78399,2.35929,2.41156,2.54472,2.38341,2.22500,2.44054,2.15305,2.27060,3.22374,3.13857,2.87446,2.77894,2.95677,2.92596,2.78411,2.95645,3.02593,3.54189,3.65411,3.41989,3.51079,3.15486,3.40147,3.23892,3.37870,3.26822,2.18418
2.40117,2.04588,1.85152,1.86715,1.73439,1.64050,1.72518,1.74678,1.67631,2.08626,1.80451,1.72572,1.39014,1.51348,1.13385,1.07529,1.04403,1.21886,1.70386,1.60877,1.15109,1.11496,0.95197,0.72887,0.72672,0.56403,0.76035,1.55985,1.27525,1.12278,0.82462,0.60000,0.30414,0.00000,0.42426,0.54601,1.47585,1.28865,1.10708,0.96177,0.61745,0.33634,0.15811,0.31623,0.63738,1.69945,1.54778,1.17527,1.22066,0.86023,0.80039,0.77540,0.87321,0.95033,1.95592,1.84153,1.64867,1.50083,1.56924,1.14701,1.40201,1.38316,1.35577,2.31638,2.11009,2.11498,2.02485,2.06413,1.88845,1.80000,1.80849,1.82003,2.88585,2.46196,2.47247,2.56965,2.37816,2.19559,2.37513,2.05746,2.13439,3.31210,3.20088,2.90947,2.78927,2.94279,2.88379,2.72603,2.86324,2.91397,3.60451,3.70473,3.45480,3.51719,3.13618,3.35596,3.17500,3.28871,3.16089,2.40117
2.39178,2.04221,1.82294,1.77658,1.56625,1.42522,1.45129,1.42522,1.31529,2.13600,1.83746,1.73007,1.40089,1.40557,0.98520,0.84039,0.70000,0.83104,1.90739,1.74732,1.29808,1.21166,0.93608,0.68648,0.55057,0.30516,0.33634,1.85422,1.59883,1.40201,1.10454,0.94868,0.65000,0.42426,0.00000,0.27042,1.80918,1.67798,1.51348,1.37295,1.02042,0.76035,0.57009,0.40000,0.78502,2.10550,1.96230,1.58784,1.64012,1.28062,1.18559,1.10962,1.15434,1.10369,2.37500,2.26523,2.07199,1.91377,1.96787,1.53317,1.74087,1.68170,1.56625,2.74055,2.53032,2.52550,2.41661,2.44655,2.23747,2.12132,2.10372,2.05973,3.30047,2.87772,2.87370,2.95265,2.74420,2.54669,2.69467,2.35332,2.38341,3.72156,3.60009,3.29621,3.16228,3.29848,3.21811,3.04816,3.15010,3.17982,4.00281,4.09695,3.83935,3.88402,3.48721,3.68409,3.48793,3.57500,3.42947,2.39178
2.66012,2.31138,2.09075,2.03669,1.81004,1.65473,1.65246,1.59472,1.45022,2.40637,2.10787,2.00000,1.67126,1.66508,1.24197,1.07616,0.87928,0.95000,2.15870,2.01029,1.55744,1.47733,1.20649,0.95688,0.81317,0.56569,0.40000,2.07515,1.80434,1.62673,1.32594,1.13496,0.83104,0.54601,0.27042,0.00000,2.00998,1.83439,1.64810,1.50021,1.16216,0.85000,0.64856,0.33634,0.63295,2.23886,2.07966,1.71118,1.68022,1.33159,1.17527,1.05149,1.05149,0.92534,2.47815,2.32123,2.12603,1.93084,1.95592,1.51162,1.66208,1.57043,1.40000,2.80112,2.56381,2.53032,2.38812,2.40442,2.15943,2.01944,1.98116,1.90016,3.31097,2.89364,2.85701,2.90689,2.67885,2.46703,2.58421,2.22767,2.22514,3.71727,3.57579,3.25356,3.10212,3.21763,3.11659,2.93694,3.01040,3.02541,3.97531,4.05902,3.79094,3.81264,3.40037,3.57430,3.36619,3.43238,3.27538,2.66012
1.92516,1.66208,1.63133,1.84340,2.00655,2.09001,2.32392,2.49261,2.57354,1.50021,1.39754,1.45602,1.30886,1.70660,1.66208,1.83525,2.06231,2.30705,0.70711,0.93341,0.87500,1.03078,1.32877,1.40201,1.62211,1.70880,2.08806,0.23717,0.21360,0.46503,0.71981,0.87643,1.17925,1.47585,1.80918,2.00998,0.00000,0.43012,0.63738,0.74204,0.91686,1.26590,1.42850,1.77570,1.94695,0.70178,0.76485,0.69147,1.22602,1.17180,1.46671,1.66602,1.85624,2.15087,1.08224,1.34838,1.26491,1.44503,1.65095,1.55724,1.94487,2.09672,2.33238,1.62980,1.66527,1.85540,2.00577,2.11453,2.21204,2.28870,2.40520,2.60588,2.40052,2.03055,2.24555,2.50000,2.47513,2.42822,2.74010,2.59278,2.82865,2.85274,2.88032,2.75057,2.76100,3.01216,3.08919,3.01921,3.30189,3.43266,3.25010,3.40230,3.24673,3.44184,3.20975,3.53774,3.45561,3.68120,3.64117,1.92516
2.29156,2.00062,1.93294,2.11320,2.21501,2.25846,2.46539,2.60108,2.64114,1.87033,1.72500,1.75642,1.54616,1.91377,1.77553,1.90148,2.07018,2.30489,1.10680,1.28111,1.08541,1.21758,1.43636,1.43462,1.62673,1.65076,1.99123,0.66049,0.42793,0.63738,0.73527,0.74204,1.02865,1.28865,1.67798,1.83439,0.43012,0.00000,0.23717,0.37832,0.67315,1.01119,1.20130,1.55423,1.65170,0.46098,0.41231,0.26575,0.79726,0.78462,1.09144,1.30504,1.49436,1.81418,0.81624,0.97500,0.86313,1.01766,1.22193,1.14018,1.52398,1.68560,1.94551,1.32900,1.30024,1.46373,1.58922,1.69448,1.78203,1.86028,1.97990,2.19046,2.07183,1.67798,1.86078,2.09881,2.05700,2.00156,2.31098,2.16391,2.40442,2.52797,2.52611,2.36604,2.35916,2.60300,2.66939,2.59386,2.87272,3.00260,2.90872,3.05256,2.87772,3.05471,2.80223,3.12300,3.03336,3.25442,3.21179,2.29156
2.40260,2.09314,2.00062,2.15711,2.21923,2.23844,2.42706,2.54276,2.56040,1.98888,1.81401,1.82654,1.58213,1.92256,1.73385,1.83115,1.96612,2.19232,1.26343,1.39463,1.12611,1.23744,1.40201,1.35946,1.53052,1.52192,1.83746,0.85147,0.57064,0.70711,0.70401,0.62099,0.87500,1.10708,1.51348,1.64810,0.63738,0.23717,0.00000,0.15207,0.49308,0.80700,1.00405,1.35301,1.42500,0.59266,0.45962,0.10308,0.60467,0.54829,0.85440,1.06800,1.25723,1.57877,0.88459,0.92770,0.77862,0.86205,1.05386,0.91992,1.30815,1.46031,1.71063,1.34164,1.25025,1.37523,1.45624,1.55242,1.60020,1.66001,1.77095,1.96866,2.04359,1.63267,1.77518,1.98778,1.91638,1.83848,2.13556,1.96501,2.19317,2.49812,2.46830,2.27555,2.24513,2.47601,2.52203,2.43272,2.69560,2.81702,2.86062,2.99552,2.80179,2.95677,2.67699,2.98423,2.87924,3.08707,3.03284,2.40260
2.41415,2.09359,1.98510,2.12515,2.16232,2.16708,2.34441,2.44872,2.45459,2.00811,1.81418,1.81401,1.55000,1.87033,1.65322,1.73385,1.85068,2.07199,1.31743,1.41620,1.10454,1.20026,1.32900,1.26343,1.42149,1.39665,1.70018,0.93842,0.63738,0.71981,0.65192,0.51478,0.74330,0.96177,1.37295,1.50021,0.74204,0.37832,0.15207,0.00000,0.35532,0.65622,0.85440,1.20208,1.27525,0.73866,0.59002,0.21506,0.57009,0.43012,0.72672,0.93341,1.12361,1.43723,1.00902,0.99812,0.83104,0.85586,1.03078,0.83554,1.22602,1.36221,1.59079,1.43636,1.31244,1.41090,1.45774,1.54536,1.55604,1.59531,1.69503,1.87417,2.11084,1.69300,1.80849,2.00141,1.90739,1.81056,2.09434,1.90016,2.11261,2.56223,2.51558,2.30217,2.25499,2.47487,2.50425,2.40338,2.65059,2.76338,2.91247,3.04138,2.83604,2.97542,2.67640,2.97195,2.85449,3.05010,2.98517,2.41415
2.29469,1.95464,1.81332,1.91638,1.90411,1.88282,2.04022,2.12720,2.11808,1.91344,1.68077,1.65246,1.35324,1.62500,1.35854,1.41156,1.50541,1.72210,1.32877,1.34559,0.95197,1.00654,1.05475,0.94868,1.08541,1.04433,1.34559,1.05386,0.74330,0.69147,0.48088,0.22638,0.38891,0.61745,1.02042,1.16216,0.91686,0.67315,0.49308,0.35532,0.00000,0.35089,0.53033,0.88388,1.03078,1.08541,0.94505,0.57009,0.78502,0.48088,0.66568,0.81394,0.99562,1.25225,1.36405,1.32098,1.14045,1.08915,1.22526,0.91001,1.27696,1.35946,1.50354,1.77570,1.62211,1.68616,1.67966,1.75018,1.68671,1.67668,1.74446,1.86581,2.41932,1.99625,2.07440,2.23397,2.10134,1.96930,2.21923,1.97310,2.13966,2.86466,2.79564,2.55269,2.47815,2.67605,2.67301,2.54951,2.75919,2.85044,3.19707,3.31681,3.09485,3.20790,2.87674,3.14742,3.00552,3.17303,3.08423,2.29469
2.47815,2.12720,1.95736,2.01634,1.93810,1.87500,1.99076,2.03731,1.98699,2.12500,1.86564,1.81177,1.48766,1.68671,1.35093,1.34001,1.35577,1.54434,1.62250,1.59099,1.15569,1.16619,1.10369,0.92635,0.99058,0.87321,1.09659,1.39149,1.08541,0.99562,0.73015,0.45069,0.30923,0.33634,0.76035,0.85000,1.26590,1.01119,0.80700,0.65622,0.35089,0.00000,0.20156,0.54601,0.68784,1.39284,1.22984,0.86350,0.88776,0.52738,0.52559,0.58149,0.73527,0.93608,1.62980,1.50520,1.31244,1.17394,1.25723,0.85586,1.15974,1.18585,1.25000,1.98021,1.77570,1.78885,1.71701,1.76529,1.62500,1.56625,1.60078,1.66602,2.55539,2.13087,2.15407,2.26771,2.09314,1.92646,2.13439,1.84391,1.96373,2.98549,2.88292,2.60300,2.49562,2.66423,2.62500,2.47954,2.64764,2.71673,3.28681,3.39199,3.14901,3.22665,2.86094,3.10010,2.93364,3.07022,2.95899,2.47815
2.49061,2.13615,1.95080,1.98274,1.86832,1.78361,1.87650,1.90296,1.83439,2.15928,1.88580,1.81676,1.48408,1.63650,1.27009,1.22526,1.20208,1.37591,1.72210,1.65548,1.20416,1.18770,1.06360,0.85513,0.87500,0.72154,0.90588,1.53480,1.23744,1.11496,0.82765,0.57009,0.32016,0.15811,0.57009,0.64856,1.42850,1.20130,1.00405,0.85440,0.53033,0.20156,0.00000,0.35355,0.57554,1.59236,1.43113,1.06360,1.07005,0.71063,0.64275,0.62948,0.74330,0.86639,1.83115,1.69742,1.50354,1.34629,1.41156,0.98900,1.25025,1.24122,1.24122,2.17443,1.96023,1.95975,1.86682,1.90608,1.73385,1.65076,1.66527,1.69189,2.73233,2.30895,2.31530,2.41156,2.22106,2.04037,2.22514,1.91328,2.00203,3.15674,3.04354,2.75136,2.63154,2.78657,2.73061,2.57512,2.71949,2.77511,3.44710,3.54683,3.29668,3.35978,2.98046,3.20351,3.02541,3.14454,3.02097,2.49061
2.67219,2.31746,2.11261,2.10149,1.92695,1.80312,1.84560,1.82517,1.71172,2.37539,2.08716,1.99828,1.66208,1.73656,1.33065,1.21912,1.10000,1.22091,2.01944,1.91654,1.45774,1.41001,1.20675,0.96501,0.89617,0.67315,0.68784,1.87033,1.57995,1.43723,1.14018,0.90554,0.61847,0.31623,0.40000,0.33634,1.77570,1.55423,1.35301,1.20208,0.88388,0.54601,0.35355,0.00000,0.39528,1.93730,1.76936,1.40757,1.34536,1.00000,0.84001,0.72887,0.75664,0.71981,2.15885,1.98778,1.79252,1.59452,1.62250,1.17925,1.35301,1.28379,1.17180,2.46792,2.22767,2.19502,2.05913,2.07981,1.85101,1.72627,1.70459,1.66208,2.97542,2.55759,2.52550,2.58421,2.36445,2.16001,2.29810,1.95400,1.98510,3.38378,3.24663,2.93002,2.78568,2.91204,2.82423,2.65165,2.75011,2.78051,3.64726,3.73430,3.46996,3.50223,3.09849,3.28824,3.08960,3.17500,3.03006,2.67219
3.03778,2.68247,2.48508,2.48697,2.32123,2.19829,2.23607,2.20511,2.07635,2.72236,2.44182,2.36233,2.02639,2.12500,1.72355,1.61400,1.48029,1.57817,2.29469,2.23005,1.77658,1.75018,1.58114,1.34629,1.29059,1.06800,1.02987,2.07921,1.77200,1.67798,1.39866,1.12971,0.89513,0.63738,0.78502,0.63295,1.94695,1.65170,1.42500,1.27525,1.03078,0.68784,0.57554,0.39528,0.00000,1.96930,1.77992,1.45344,1.24147,0.95197,0.69327,0.50000,0.43732,0.32500,2.12676,1.87949,1.68838,1.43571,1.41466,0.97628,1.05149,0.94108,0.78142,2.35385,2.07515,1.99828,1.81556,1.81676,1.54353,1.39149,1.34838,1.27720,2.77545,2.37118,2.29197,2.31098,2.06836,1.84814,1.95256,1.59472,1.60176,3.15931,2.99635,2.65824,2.49324,2.59543,2.48646,2.30489,2.37973,2.40052,3.39061,3.46428,3.18836,3.19423,2.77500,2.94215,2.73324,2.80279,2.65047,3.03778
2.62512,2.36326,2.32406,2.52401,2.65259,2.70751,2.92030,3.06033,3.10212,2.20014,2.09657,2.14767,1.96930,2.35053,2.23271,2.36233,2.52846,2.76134,1.40089,1.63440,1.51348,1.65529,1.89291,1.89555,2.08597,2.10060,2.42745,0.92534,0.81432,1.06360,1.19504,1.19085,1.46309,1.69945,2.10550,2.23886,0.70178,0.46098,0.59266,0.73866,1.08541,1.39284,1.59236,1.93730,1.96930,0.00000,0.20616,0.52974,0.86205,1.02622,1.32524,1.55020,1.72790,2.07515,0.38243,0.69327,0.67268,0.95033,1.16001,1.25000,1.58902,1.78781,2.11009,0.92804,0.98900,1.20830,1.41532,1.53501,1.71919,1.85152,1.99812,2.25846,1.70000,1.34001,1.58114,1.85809,1.87916,1.87916,2.21148,2.14009,2.41997,2.15131,2.18661,2.08102,2.11734,2.38183,2.49111,2.45013,2.76586,2.91815,2.55110,2.70567,2.56052,2.77151,2.57391,2.91815,2.86466,3.11549,3.10494,2.62512
2.68072,2.40052,2.34121,2.52500,2.62512,2.66282,2.86324,2.98925,3.01507,2.25680,2.12735,2.16449,1.95848,2.32433,2.17083,2.28158,2.42500,2.65189,1.47139,1.67519,1.49771,1.62865,1.83388,1.81056,1.98778,1.98116,2.29020,1.00062,0.82651,1.04940,1.12944,1.07964,1.33159,1.54778,1.96230,2.07966,0.76485,0.41231,0.45962,0.59002,0.94505,1.22984,1.43113,1.76936,1.77992,0.20616,0.00000,0.37500,0.65622,0.83104,1.12528,1.35023,1.52582,1.87517,0.42573,0.58363,0.51478,0.76199,0.97372,1.04403,1.38654,1.58311,1.90394,0.91720,0.90312,1.09202,1.26516,1.38067,1.53806,1.66001,1.80278,2.05746,1.66208,1.27500,1.48071,1.73925,1.73385,1.71501,2.04221,1.95256,2.22626,2.11793,2.12515,1.98573,2.00016,2.25624,2.34854,2.29524,2.60048,2.74693,2.50312,2.65012,2.48521,2.67699,2.45204,2.78714,2.71960,2.96079,2.94034,2.68072
2.49562,2.18932,2.10015,2.25887,2.32231,2.34094,2.52834,2.64197,2.65636,2.07996,1.91050,1.92565,1.68412,2.02562,1.83525,1.92938,2.05822,2.28213,1.34280,1.48598,1.22729,1.34001,1.50416,1.45774,1.62500,1.60877,1.91523,0.91549,0.65000,0.80351,0.80700,0.71502,0.95721,1.17527,1.58784,1.71118,0.69147,0.26575,0.10308,0.21506,0.57009,0.86350,1.06360,1.40757,1.45344,0.52974,0.37500,0.00000,0.53502,0.53968,0.84890,1.06888,1.25549,1.58765,0.79569,0.82462,0.67685,0.77540,0.97275,0.87500,1.25822,1.42149,1.69060,1.24122,1.14728,1.27500,1.36428,1.46309,1.52643,1.59726,1.71483,1.92516,1.94052,1.52971,1.67500,1.89159,1.82705,1.75659,2.05913,1.90148,2.13907,2.39505,2.36604,2.17629,2.14971,2.38354,2.43516,2.35053,2.62023,2.74591,2.75794,2.89331,2.70104,2.85887,2.58421,2.89504,2.79475,3.00759,2.95846,2.49562
2.98423,2.66282,2.54914,2.67792,2.68666,2.66763,2.81980,2.89418,2.86356,2.57730,2.38354,2.37973,2.10535,2.40325,2.14257,2.18203,2.23607,2.43118,1.86765,1.98447,1.66883,1.75446,1.83882,1.72808,1.84340,1.75588,1.97563,1.45022,1.17527,1.28865,1.20416,1.00499,1.12361,1.22066,1.64012,1.68022,1.22602,0.79726,0.60467,0.57009,0.78502,0.88776,1.07005,1.34536,1.24147,0.86205,0.65622,0.53502,0.00000,0.36056,0.54829,0.75911,0.91241,1.27009,0.90864,0.64517,0.45069,0.30414,0.46098,0.38810,0.74204,0.92905,1.25025,1.12500,0.89022,0.91001,0.90000,0.98011,0.99562,1.06301,1.18559,1.41510,1.66827,1.24348,1.29156,1.45194,1.34001,1.24122,1.53175,1.36679,1.61109,2.10238,2.01634,1.76777,1.70000,1.91050,1.93423,1.83473,2.09120,2.21275,2.41919,2.53476,2.30990,2.42706,2.11202,2.40260,2.28487,2.48508,2.42822,2.98423
2.76236,2.42706,2.29197,2.39713,2.37553,2.34121,2.48118,2.54583,2.50799,2.37118,2.15087,2.12911,1.83371,2.10134,1.81401,1.83746,1.87883,2.07138,1.72572,1.78973,1.42302,1.48598,1.52520,1.39329,1.49436,1.39754,1.61652,1.36679,1.06125,1.10255,0.94868,0.70711,0.77621,0.86023,1.28062,1.33159,1.17180,0.78462,0.54829,0.43012,0.48088,0.52738,0.71063,1.00000,0.95197,1.02622,0.83104,0.53968,0.36056,0.00000,0.30923,0.53033,0.71589,1.05268,1.17925,0.99058,0.79569,0.65000,0.75664,0.43661,0.81892,0.93708,1.16324,1.46991,1.25000,1.26417,1.21655,1.27892,1.20675,1.20830,1.29059,1.45000,2.02808,1.60351,1.63650,1.77148,1.62500,1.48850,1.74105,1.50935,1.70018,2.45967,2.36445,2.09881,2.00998,2.20000,2.19232,2.06912,2.28542,2.38354,2.76812,2.87837,2.64398,2.74146,2.40013,2.66693,2.52500,2.69641,2.61367,2.76236
