0.00000,4.10225,4.50940,8.30813,4.56872,17.89282,7.99875,6.15575,16.36617,15.02763,5.24256,11.39510,13.77135,14.82777,9.04822,2.64880,4.72422,6.22575,7.67973,7.09835,8.43262,10.59943,11.59440,9.07227,12.16456,6.41493,6.71362,7.81172,10.11318,6.52660,5.49048,14.24800,8.98250,4.98230,6.56720,14.73855,10.56150,8.47270,1.75053,11.27807,1.15100,11.22837,7.28483,10.98203,2.85398,6.37270,11.24280,11.83326,12.37135,3.68490,12.74860,14.80908,12.28317,5.16612,13.72113,15.51710,16.48372,12.12500,7.40185,13.20388,5.95378,4.79529,9.02203,9.50081,14.39602,12.87952,14.11122,10.25586,10.23128,7.14912,1.84940,13.92847,11.99410,13.53785,13.80127,4.37690,13.64740,9.02577,8.77463,5.99810,12.12770,17.90727,5.38735,14.81548,11.11082,11.63930,11.38868,9.74234,10.66090,10.07632,16.45542,10.72715,9.28867,11.97860,9.19357,13.77670,6.79057,11.23691,12.50600,7.15072,19.92926,18.48917,13.78525,6.05690,4.08674,9.94377,6.21453,6.05583,5.60484,10.50432,20.31132,4.22086,13.92419,5.44880,6.55760,8.39363,3.77735,6.12955,16.22350,13.05267,8.50370,13.42722,20.30170,6.49613,10.26760,6.75370,4.94865,3.11635,5.33925,2.82030,0.00000
4.10225,0.00000,4.90430,4.20588,8.67097,13.79058,10.82815,4.40895,15.41662,10.92538,9.34481,10.44555,9.66910,10.72552,8.09868,5.72294,3.77467,3.22000,6.73018,2.99610,4.33038,6.49718,7.49215,8.12272,11.21501,10.51718,5.76407,8.76127,9.16362,7.47615,4.54092,13.29845,4.88025,4.03275,2.46495,13.78900,6.45925,7.10530,2.70008,7.17582,3.44500,7.12613,6.33527,6.87978,6.95623,2.27045,7.14055,10.88371,8.26910,1.34285,8.64635,13.85952,8.18092,2.42222,9.61887,14.56755,15.53417,8.02275,8.35140,9.10163,10.05602,5.74484,8.07248,13.60306,13.44647,13.82907,10.00897,9.30631,14.33352,8.78587,2.34690,9.82622,11.04455,12.58830,12.85172,8.47915,12.69785,9.68463,7.82508,1.89585,11.17815,16.95772,6.33690,13.86593,12.06037,15.74155,10.43913,13.84459,9.71135,11.02587,12.35318,8.44600,5.18642,11.02905,8.24402,9.67445,9.81557,10.28736,11.48700,6.20117,18.97971,14.38693,12.83570,5.10735,5.03629,5.84152,6.12532,4.41913,9.70709,9.55477,19.36177,5.17041,12.97464,5.29545,7.50715,7.44407,4.72690,2.02730,15.27395,8.95043,7.49325,9.32498,19.35215,10.59838,11.21716,5.79455,6.04890,4.70180,9.44150,1.56405,4.10225
4.50940,4.90430,0.00000,6.79002,9.07812,13.38342,11.95350,1.64635,20.32092,10.51823,9.75196,15.34985,9.26195,10.31837,13.00298,6.13009,8.67897,1.71635,11.63448,4.24865,3.92322,6.09003,7.08500,13.02703,16.11931,10.92433,10.66838,4.60612,14.06792,2.57185,9.44523,18.20275,4.47310,8.93705,6.36150,18.69330,6.05210,12.00960,3.00573,6.76867,3.85215,6.71897,11.23958,6.47262,7.36338,3.59245,6.73340,15.78801,10.35525,3.56145,8.23920,18.76383,9.06478,7.32653,9.21172,19.47185,20.43848,10.38035,3.44710,8.69448,10.46318,4.71674,12.97678,14.01021,18.35077,8.92477,9.60182,14.21061,14.74067,11.10387,2.66000,11.79692,15.94885,17.49260,17.75603,8.88630,17.60215,4.78032,12.72938,4.01300,16.08245,21.86202,1.43260,18.77023,7.15607,16.14870,15.34343,14.25174,14.61565,6.12157,12.67592,13.35030,4.77927,15.93335,13.14832,9.26730,10.74532,15.19167,16.39130,11.10548,23.88401,13.97978,17.74000,10.01165,4.56604,9.87593,10.16928,1.54643,10.11424,14.45908,24.26607,3.74261,17.87894,0.93940,3.57855,12.34838,2.50185,4.72475,20.17825,8.54753,3.99430,8.91782,24.25645,11.00553,6.31286,2.24430,8.90340,5.10895,9.84865,3.34025,4.50940
8.30813,4.20588,6.79002,0.00000,12.87685,9.58470,15.03403,6.29467,13.53090,6.71950,13.55068,8.55983,7.27363,6.51965,6.21295,9.92882,5.46485,5.10572,6.15255,2.54138,5.38575,3.88795,4.46397,6.23700,11.26898,14.72305,5.91315,10.64699,7.27790,9.36188,5.41675,11.41272,5.55192,6.58217,1.74093,11.90327,3.61812,5.21958,6.80445,3.41450,7.65088,2.92025,8.90180,2.67390,11.16210,3.19758,3.50108,11.72853,4.06322,4.62323,4.44047,11.97380,3.97505,3.14200,5.41300,12.68182,13.64845,3.81688,10.23712,4.89575,14.26190,8.51546,11.56341,17.80894,11.56075,15.71479,6.35880,11.00714,18.53940,12.99174,6.45872,5.62035,9.15883,10.70257,10.96600,12.68502,10.81212,11.57035,5.93935,2.77702,9.29243,15.07200,8.22263,11.98020,13.94609,19.94742,8.55340,18.05046,7.82563,12.91159,8.14730,6.56027,2.81445,9.14332,6.35830,6.14612,14.02144,9.91494,9.60127,4.66920,17.09398,10.18105,10.94997,9.28013,8.36477,3.08590,10.33120,6.30485,13.91297,8.72280,17.47604,7.54133,11.08892,7.18118,9.39288,5.55835,6.61262,2.17858,13.38823,4.74455,9.37898,5.11910,17.46642,14.80426,13.10288,7.68027,10.25478,8.90768,13.64738,5.48783,8.30813
4.56872,8.67097,9.07812,12.87685,0.00000,22.46155,11.41862,10.72447,19.78605,19.59635,0.86941,14.81497,18.34007,19.39650,12.46810,2.94803,8.14410,10.79447,11.09960,11.66707,13.00135,15.16815,16.16312,12.49215,15.58443,9.18180,10.13350,4.47200,13.53305,10.10462,8.91035,17.66787,13.55122,8.40217,11.13592,18.15842,15.13022,13.04142,6.07240,15.84680,5.22597,15.79710,10.70470,15.55075,1.71475,10.94142,15.81152,15.25313,16.94007,8.25362,17.31732,18.22895,16.85190,9.73485,18.28985,18.93697,19.90360,16.69372,10.60157,17.77260,3.46690,4.36138,12.44190,6.42401,17.81590,9.45965,18.67995,13.67573,6.74729,10.56899,6.41812,18.49720,15.82757,16.95772,17.22115,2.35277,17.06727,13.59450,12.19450,10.56682,15.54757,21.32715,8.51012,18.23535,9.57935,8.16386,14.80855,8.26432,14.08077,9.68730,21.02415,15.29587,13.85740,15.39847,12.61345,18.34542,10.21044,14.65679,17.07472,10.57060,23.34913,23.05790,17.20512,9.47677,4.51208,14.51250,9.63440,10.62455,2.61033,13.92420,23.73119,5.33551,17.34406,10.01752,5.49957,11.81350,6.57627,10.69827,19.64337,17.62140,13.07242,17.99595,23.72157,6.46194,9.45752,11.32242,8.36852,3.96917,5.90462,7.38902,4.56872
17.89282,13.79058,13.38342,9.58470,22.46155,0.00000,24.61873,11.73708,14.88655,3.88580,23.13538,10.58982,5.91798,3.86015,14.57395,19.51352,15.04955,11.66708,15.73725,10.79448,9.46020,7.29340,6.29842,13.52395,20.85369,24.30775,15.49785,17.98954,14.20685,12.35693,15.00145,18.99147,8.91033,16.16687,11.32563,18.27542,7.33133,9.42013,16.38915,6.61475,17.23558,6.66445,18.48650,6.91080,20.74680,11.52013,6.65002,21.31323,5.52148,14.20792,5.14423,13.32945,5.60965,12.72670,4.17170,14.03748,15.00410,5.76783,11.85998,4.68895,23.84660,18.10016,21.14811,27.39364,12.91640,14.35914,5.00315,20.59184,28.12410,22.57644,16.04343,6.36255,10.51448,12.05823,12.32165,22.26973,13.95143,10.21470,11.81885,11.89473,11.81617,16.42765,13.95143,18.29361,12.88219,29.53212,10.61225,27.63517,16.66648,12.77424,7.24155,7.91592,8.60415,16.17703,12.44295,4.79047,23.60614,19.49964,10.95692,14.25390,18.44963,0.86780,12.37618,18.86483,17.94947,7.94905,19.91590,11.83700,23.49767,18.30750,18.83169,17.12603,18.67192,12.44402,16.96198,13.04625,15.88528,11.76328,17.18803,4.84015,9.38913,4.46560,18.82207,24.38896,13.00403,11.13912,19.83948,18.49238,23.23208,15.07253,17.89282
7.99875,10.82815,11.95350,15.03403,11.41862,24.61873,0.00000,12.88165,16.82198,21.75353,10.54921,14.02890,20.49725,21.55368,10.04478,10.64755,9.56918,12.95165,8.88148,13.82425,15.15853,17.32533,18.32030,11.09478,4.16581,2.23682,9.12088,15.81047,10.41188,14.52535,9.61728,6.24924,15.70840,8.45185,13.29310,6.73979,17.28740,15.19860,9.74928,18.00398,9.14975,17.95428,6.13223,17.70793,9.95183,13.09860,17.96870,3.83451,19.09725,10.41080,19.47450,18.07773,19.00908,11.89203,20.44703,15.57105,16.16473,18.85090,15.40060,19.92978,7.95173,12.79404,3.47062,4.99462,15.39473,20.87827,20.83713,4.02689,4.67133,2.04229,9.39610,20.65438,17.98475,18.33045,18.22198,9.06585,10.66730,16.73383,12.79988,12.72400,12.80255,14.58838,13.38610,6.81673,19.10957,4.91339,14.00648,3.15430,7.95225,18.07507,23.18133,17.45305,16.01458,8.44170,12.17578,20.50260,1.20819,5.11909,19.23190,10.36483,12.50974,25.21508,12.24255,5.75390,12.08549,16.66968,4.70283,12.78173,8.80829,6.31123,12.31257,12.21961,5.94681,12.34465,14.55635,11.57248,11.77610,12.85545,8.22475,19.77858,15.22960,20.15313,12.30295,4.95668,18.26636,13.47960,4.77925,11.11510,5.51400,9.54620,7.99875
6.15575,4.40895,1.64635,6.29467,10.72447,11.73708,12.88165,0.00000,19.82558,8.87187,11.39831,14.85450,7.61560,8.67202,12.50762,7.77644,8.18363,1.18895,11.13913,3.75330,2.27688,4.44368,5.43865,12.53167,15.62396,12.57068,10.17303,6.25247,13.57258,3.06720,8.94988,17.70740,2.82675,8.44170,5.86615,18.19795,4.40575,11.51425,4.65207,5.12232,5.49850,5.93187,10.74423,4.86262,9.00972,3.09710,5.08705,15.29266,9.85990,3.06610,6.59285,18.26848,8.56943,6.83117,7.56538,18.97650,19.94313,9.88500,3.94245,7.04812,12.10953,6.36309,12.48143,15.65656,17.85543,9.42012,7.95547,13.71526,16.38703,10.83937,4.30635,11.30157,15.45350,16.99725,17.26067,10.53265,17.10680,5.27567,12.23402,3.51765,15.58710,21.36668,2.21435,18.27488,7.65142,17.79505,14.84808,15.89809,14.12030,6.61692,12.18058,12.85495,3.48023,15.43800,12.65298,7.62095,11.86907,14.69631,15.89595,10.61013,23.38866,12.33343,17.24465,9.51630,6.21239,9.38057,9.67393,0.09992,11.76059,13.96373,23.77072,5.38896,17.38359,0.88650,5.22490,11.85302,4.14820,4.22940,19.68290,8.05218,3.08430,7.27148,23.76110,12.65188,6.80821,1.38560,8.40805,6.75530,11.49500,3.33545,6.15575
16.36617,15.41662,20.32092,13.53090,19.78605,14.88655,16.82198,19.82558,0.00000,18.77235,18.91663,4.97107,20.80453,18.74670,7.31795,19.01497,11.64195,18.63662,8.68645,16.07227,18.91665,17.41885,17.99488,7.29390,13.05693,16.51100,9.65255,24.17789,6.41010,22.89278,10.87570,11.19472,19.08282,11.38387,13.95942,10.47867,17.14903,8.31133,18.11670,16.94540,17.51717,13.89370,10.68975,14.96295,18.31925,16.72847,17.03197,13.51648,9.96567,16.75947,13.65057,1.55710,11.25615,12.99440,15.83290,1.25093,0.65725,9.94057,23.76803,13.58325,16.31915,21.16146,13.35136,19.59689,1.97015,29.24569,19.88970,12.79509,20.32735,14.77969,17.76352,8.52400,4.37207,2.82832,2.56490,17.43328,6.15467,25.10125,7.59155,16.30792,4.23847,2.23360,21.75353,10.49686,27.47699,21.73537,4.97750,19.83841,8.86972,26.44249,7.64500,6.97062,16.34535,8.38027,7.17260,19.67702,15.80939,11.70289,3.92963,9.21545,4.31223,15.75435,4.57942,11.06807,20.45291,10.44500,12.11915,19.83575,17.17572,10.51075,5.66789,20.58703,10.87516,20.71207,22.92377,7.97255,20.14353,15.59617,9.39128,11.77340,22.90987,16.93900,5.43812,16.59221,26.63378,21.21118,12.04272,19.48253,15.43532,16.98067,16.36617
15.02763,10.92538,10.51823,6.71950,19.59635,3.88580,21.75353,8.87187,18.77235,0.00000,20.27018,13.80128,2.03217,0.19985,11.70875,16.64832,12.18435,8.80188,12.87205,7.92928,6.59500,4.42820,3.43323,11.47845,17.98849,21.44255,12.63265,15.12434,12.51935,9.49172,12.13625,16.65417,6.04513,13.30167,8.46043,17.14472,4.46613,10.46103,13.52395,3.74955,14.37038,4.87865,15.62130,4.04560,17.88160,8.65493,3.78482,18.44803,8.80668,11.34273,5.12178,17.21525,7.51620,9.86150,2.93945,17.92328,18.88990,8.83178,8.99478,5.18910,20.98140,15.23496,18.28291,24.52844,16.80220,10.47334,1.11735,17.72664,25.25890,19.71124,13.17823,10.24835,14.40028,15.94403,16.20745,19.40452,16.05358,6.32890,11.18080,9.02953,14.53388,20.31345,11.08622,17.22166,10.01699,26.66692,13.79485,24.76997,13.80128,9.90904,11.12735,11.80173,5.73895,14.38478,11.59975,1.25093,20.74094,16.63444,14.84273,11.38870,22.33543,3.46155,16.19142,15.99962,15.08427,8.32735,17.05070,8.97180,20.63247,15.44230,22.71749,14.26083,16.33037,9.57883,14.09678,10.79980,13.02008,8.89808,18.62968,6.99895,6.52393,1.83335,22.70787,21.52376,10.13883,8.27393,16.97427,15.62717,20.36688,12.20733,15.02763
5.24256,9.34481,9.75196,13.55068,0.86941,23.13538,10.54921,11.39831,18.91663,20.27018,0.00000,13.94556,19.01391,20.07033,11.59868,3.62186,8.08583,11.46831,10.23018,12.34091,13.67518,15.84198,16.83696,11.62273,14.71502,8.31239,9.26408,5.26126,12.66363,10.77846,8.13393,16.79846,14.22506,7.53276,11.80976,17.28901,15.80406,13.71526,6.74623,16.52063,5.89981,16.47093,9.83528,16.22458,2.38858,11.61526,16.48536,14.38372,17.61391,8.92746,17.99116,17.35953,17.52573,10.40868,18.96368,18.06756,19.03418,17.36756,11.27541,18.44643,2.59748,5.03522,11.57249,5.55460,16.94648,10.32906,19.35378,12.80632,5.87788,9.69958,7.09196,19.17103,16.50141,16.84711,16.73863,1.48336,16.19786,14.26833,11.32508,11.24066,14.67816,20.45773,9.18396,17.36594,10.25319,7.29445,13.93913,7.39491,13.21136,10.36114,21.69798,15.96971,14.53123,14.52906,11.74403,19.01926,9.34102,13.78737,17.74856,9.70118,22.47972,23.73173,16.33571,8.60736,5.18592,15.18633,8.76498,11.29838,1.74092,13.05478,22.86178,6.00935,16.47465,10.69136,6.17341,10.94408,7.25011,11.37211,18.77396,18.29523,13.74626,18.66978,22.85216,5.59253,10.13135,11.99626,7.49911,4.64301,5.03521,8.06286,5.24256
11.39510,10.44555,15.34985,8.55983,14.81497,10.58982,14.02890,14.85450,4.97107,13.80128,13.94556,0.00000,15.83345,13.77562,3.98413,14.04390,6.67088,13.66555,5.14743,11.10120,13.94558,12.44778,13.02380,2.93413,10.26386,13.71793,4.90803,19.20682,3.61703,17.92170,5.90463,8.40165,14.11175,6.41280,8.98835,7.68560,12.17795,3.34025,13.14563,11.97433,12.54610,8.92263,7.89668,9.99188,13.34818,11.75740,12.06090,10.72341,5.06835,11.78840,8.67950,4.04882,6.28508,8.02333,10.86182,4.12200,5.08862,4.96950,18.79695,8.61218,13.25678,16.19039,10.55828,16.80381,3.00092,24.27462,14.91862,10.00201,17.53428,11.98662,12.79245,6.62547,3.95585,4.30155,4.19307,12.46220,3.36160,20.13018,2.62048,11.33685,1.22635,6.51217,16.78245,7.70378,22.50592,18.94230,0.02242,17.04534,6.07665,21.47142,9.15242,3.42415,11.37428,5.58720,2.20153,14.70595,13.01632,8.90982,5.20300,4.24438,8.53416,11.18618,2.39015,8.27500,15.48184,5.47393,9.32607,14.86468,12.90784,7.71768,8.91622,15.61596,8.08209,15.74100,17.95270,3.00148,15.17245,10.62510,6.59820,6.80232,17.93880,11.96792,8.90660,13.79913,21.66271,16.24010,9.24965,14.51145,12.64225,12.00960,11.39510
13.77135,9.66910,9.26195,7.27363,18.34007,5.91798,20.49725,7.61560,20.80453,2.03217,19.01391,15.83345,0.00000,2.05783,13.48657,15.39204,10.92807,7.54560,12.11808,6.67300,5.33872,3.38567,2.80965,13.51062,16.73221,20.18628,11.37637,13.86807,14.55152,8.23545,10.87997,18.68635,4.78885,12.04540,7.20415,19.17690,3.65550,12.49320,12.26767,3.85913,13.11410,6.91082,14.36502,5.84157,16.62532,7.39865,3.77255,17.19176,10.83885,10.08645,7.15395,19.24742,9.54838,8.60522,4.97163,19.95545,20.92207,10.86395,7.73850,7.22128,19.72512,13.97869,17.02663,23.27216,18.83438,8.95737,0.91483,16.47036,24.00263,18.45497,11.92195,12.28052,16.43245,17.97620,18.23962,18.14825,18.08575,4.74557,13.21298,7.77325,16.56605,22.34563,9.82995,19.25383,8.76072,25.41065,15.82703,23.51369,15.09925,8.65277,13.15952,13.83390,4.48267,16.41695,13.63193,1.12750,19.48466,15.67526,16.87490,11.58907,24.36761,5.05018,18.22360,14.74335,13.82799,10.35952,15.79442,7.71552,19.37619,14.94267,24.74967,13.00456,18.36254,8.32255,12.84050,12.83197,11.76380,7.64180,20.66185,9.03113,5.26765,3.86553,24.74005,20.26748,8.88255,7.01765,15.71800,14.37090,19.11060,10.95105,13.77135
14.82777,10.72552,10.31837,6.51965,19.39650,3.86015,21.55368,8.67202,18.74670,0.19985,20.07033,13.77562,2.05783,0.00000,11.50890,16.44847,11.98450,8.60202,12.67220,7.72942,6.39515,4.22835,3.23337,11.45280,17.78863,21.24270,12.43280,14.92449,12.49370,9.29187,11.93640,16.62852,5.84527,13.10182,8.26057,17.11907,4.26628,10.43537,13.32410,3.54970,14.17052,4.85300,15.42145,3.84575,17.68175,8.45507,3.58497,18.24818,8.78102,11.14288,5.09612,17.18960,7.49055,9.66165,2.91380,17.89762,18.86425,8.80612,8.79492,5.16345,20.78155,15.03511,18.08306,24.32859,16.77655,10.49899,1.14300,17.52679,25.05905,19.51139,12.97837,10.22270,14.37462,15.91837,16.18180,19.20467,16.02792,6.35455,11.15515,8.82967,14.50822,20.28780,10.88637,17.19600,9.81714,26.46707,13.76920,24.57011,13.60143,9.70919,11.10170,11.77607,5.53910,14.35912,11.57410,1.05107,20.54109,16.43459,14.81707,11.18885,22.30978,3.66140,16.16577,15.79978,14.88441,8.30170,16.85085,8.77195,20.43262,15.24245,22.69184,14.06098,16.30471,9.37897,13.89692,10.77415,12.82022,8.69822,18.60403,6.97330,6.32407,1.80770,22.68222,21.32391,9.93898,8.07407,16.77443,15.42732,20.16702,12.00747,14.82777
9.04822,8.09868,13.00298,6.21295,12.46810,14.57395,10.04478,12.50762,7.31795,11.70875,11.59868,3.98413,13.48657,11.50890,0.00000,11.69702,4.32400,11.31867,1.36850,8.75432,11.59870,10.10090,10.67692,1.05000,6.27973,9.73380,2.33460,16.85994,1.06495,15.57482,3.55775,5.19977,11.76487,4.06592,6.64147,5.69032,9.83107,5.15382,10.79875,9.62745,10.19922,7.90950,3.91255,7.66315,11.00130,9.41053,9.71402,6.73928,9.05247,9.44152,9.42972,8.03295,8.96430,5.67645,10.40225,6.46887,7.43550,8.80612,16.45007,9.88500,9.27265,13.84351,6.57416,12.81969,5.34995,21.92774,12.57175,6.01789,13.55015,8.00249,10.44557,10.60960,7.93998,8.28568,8.17720,10.11532,4.59918,17.78330,2.75510,8.98997,3.07948,8.85905,14.43558,5.76726,20.15904,14.95817,3.96170,13.06121,2.09252,19.12454,13.13655,7.40828,9.02740,2.93037,2.13100,12.35907,9.03219,4.92569,9.18712,1.89750,10.88103,15.17030,4.73702,4.29087,13.13496,6.62490,5.34195,12.51780,9.85777,3.73355,11.26309,13.26908,4.87596,13.39412,15.60582,1.52770,12.82558,8.27823,7.17528,9.73380,15.59192,10.10835,11.25347,9.81501,19.31583,13.89323,5.26552,12.16457,8.65813,9.66273,9.04822
2.64880,5.72294,6.13009,9.92882,2.94803,19.51352,10.64755,7.77644,19.01497,16.64832,3.62186,14.04390,15.39204,16.44847,11.69702,0.00000,7.37302,7.84645,10.32852,8.71904,10.05332,12.22012,13.21509,11.72107,14.81336,8.41072,9.36242,5.16292,12.76197,7.15660,8.13927,16.89679,10.60319,7.63110,8.18789,17.38734,12.18219,10.70364,3.12437,12.89877,2.27794,12.84907,9.93362,12.60272,1.23328,7.99339,12.86350,14.48205,13.99204,5.30559,14.36929,17.45787,13.90387,6.78682,15.34182,18.16589,19.13252,13.74570,7.65354,14.82457,4.33308,2.14649,11.67083,7.88012,17.04482,10.23072,15.73192,12.90466,8.61058,9.79791,3.47009,15.54917,14.64289,16.18664,16.45007,2.75621,16.29620,10.64647,11.42342,7.61880,14.77650,20.55607,5.56210,17.46428,8.46202,10.01860,14.03747,8.12164,13.30970,7.42752,18.07612,12.34784,10.90937,14.62739,11.84237,15.39739,9.43936,13.88571,15.08534,9.79952,22.57805,20.10987,16.43404,8.70570,1.56405,11.56447,8.86332,7.67652,3.98415,13.15312,22.96011,2.38749,16.57298,7.06950,3.90880,11.04242,3.62824,7.75024,18.87230,14.67337,10.12439,15.04792,22.95049,5.69086,7.61881,8.37440,7.59745,1.02114,5.13355,4.44099,2.64880
4.72422,3.77467,8.67897,5.46485,8.14410,15.04955,9.56918,8.18363,11.64195,12.18435,8.08583,6.67088,10.92807,11.98450,4.32400,7.37302,0.00000,6.99467,2.95550,4.43033,7.27470,7.75615,8.75113,4.34805,7.44034,9.25820,1.98940,12.53594,5.38895,11.25083,0.76625,9.52377,7.44087,1.11732,3.72393,10.01432,7.71822,5.62943,6.47475,8.43480,5.87522,8.38510,3.43695,8.13875,6.67730,5.08652,8.39953,7.10903,9.52807,5.11752,9.90533,10.08485,9.43990,2.32285,10.87785,10.79287,11.75950,9.28173,12.12607,10.36060,8.79705,9.51951,6.09856,12.34409,9.67180,17.60374,11.26795,5.54229,13.07455,7.52689,6.12157,11.08520,8.41558,8.81363,9.07705,7.22017,8.92318,13.45930,4.05040,4.66597,7.40348,13.18305,10.11158,10.09126,15.83504,14.48257,6.66445,12.58561,5.93668,14.80054,13.61215,7.88388,6.44540,7.25437,4.46935,10.93343,8.55659,6.51269,9.66273,2.42650,15.20503,15.64590,9.06102,3.81527,8.81096,7.10050,4.86635,8.19380,8.44812,5.78010,15.58709,8.94508,9.19997,9.07013,11.28183,3.66940,8.50157,3.95422,11.49928,10.20940,11.26792,10.58395,15.57747,9.33941,14.99183,9.56922,4.78992,7.84058,8.18252,5.33872,4.72422
6.22575,3.22000,1.71635,5.10572,10.79447,11.66708,12.95165,1.18895,18.63662,8.80188,11.46831,13.66555,7.54560,8.60202,11.31867,7.84645,6.99467,0.00000,9.95017,2.56435,2.20688,4.37368,5.36865,11.34272,14.43501,12.64068,8.98408,6.32247,12.38362,4.25615,7.76093,16.51845,2.75675,7.25275,4.67720,17.00900,4.33575,10.32530,4.72207,5.05232,5.56850,5.00263,9.55527,4.75628,9.07972,1.90815,5.01705,14.10371,8.67095,2.54085,6.52285,17.07953,7.38047,5.64222,7.49538,17.78755,18.75417,8.69605,5.13140,6.97813,12.17952,6.43309,11.29248,15.72656,16.66647,10.60907,7.88547,12.52631,16.45702,10.90937,4.37635,10.11262,14.26455,15.80830,16.07172,10.60265,15.91785,6.46463,11.04508,2.32870,14.39815,20.17773,3.11690,17.08593,8.84037,17.86505,13.65912,15.96809,12.93135,7.80587,10.99162,11.66600,3.06292,14.24905,11.46402,7.55095,11.93906,13.50736,14.70700,9.42117,22.19971,12.26343,16.05570,8.32735,6.28239,8.19162,8.48498,1.19913,11.83059,12.77477,22.58177,5.45896,16.19464,2.07545,5.29490,10.66408,4.21820,3.04045,18.49395,6.86323,4.27325,7.20148,22.57215,12.72188,7.99716,2.57455,8.17240,6.82530,11.56500,3.40545,6.22575
7.67973,6.73018,11.63448,6.15255,11.09960,15.73725,8.88148,11.13913,8.68645,12.87205,10.23018,5.14743,12.11808,12.67220,1.36850,10.32852,2.95550,9.95017,0.00000,7.38583,10.23020,8.73240,9.43882,2.21330,5.11644,8.57050,0.96610,15.49144,2.43345,14.20633,2.18925,6.56827,10.39637,2.69742,5.27298,7.05882,8.46257,6.31712,9.43025,9.12250,8.83072,9.07280,2.74925,8.82645,9.63280,8.04203,9.08723,5.57598,10.21577,8.07302,10.59302,9.19625,10.12760,4.30795,11.56555,7.83737,8.80400,9.96942,15.08157,11.04830,8.10935,12.47501,5.41086,11.65639,6.71630,20.55924,11.95565,4.85459,12.38685,6.83919,9.07708,11.77290,9.10328,9.44898,9.34050,8.74682,5.96767,16.41480,3.91840,7.62147,4.44798,10.22755,13.06708,7.13575,18.79054,13.79487,5.12500,11.89792,2.98117,17.75604,14.29985,8.57157,7.65890,4.29887,3.29430,11.62112,7.86889,3.76239,10.35042,1.48335,12.24953,16.33360,6.10552,3.12758,11.76647,7.78820,4.17865,11.14930,8.48927,2.82460,12.63159,11.90058,6.24446,12.02563,14.23733,2.69100,11.45707,6.90972,8.54378,10.89710,14.22343,11.27165,12.62197,8.65171,17.94733,12.52473,4.10223,10.79608,7.49483,8.29423,7.67973
7.09835,2.99610,4.24865,2.54138,11.66707,10.79448,13.82425,3.75330,16.07227,7.92928,12.34091,11.10120,6.67300,7.72942,8.75432,8.71904,4.43033,2.56435,7.38583,0.00000,2.84438,3.50108,4.49605,8.77838,11.87066,13.51328,6.41972,8.10562,9.81928,6.82050,5.19658,13.95410,3.01055,5.37240,2.11285,14.44465,3.46315,7.76095,5.59467,4.17972,6.44110,4.13003,7.69202,3.88368,9.95233,0.72565,4.14445,11.53936,6.10660,3.41345,5.65025,14.51517,5.18482,3.07788,6.62277,15.22320,16.18982,6.13170,7.69575,6.10553,13.05213,7.30569,10.35363,16.59916,14.10213,13.17342,7.01287,9.96196,17.32963,11.78197,5.24895,7.54827,11.70020,13.24395,13.50737,11.47525,13.35350,9.02897,8.48073,1.10025,11.83380,17.61338,5.68125,14.52158,11.40472,18.73765,11.09478,16.84069,10.36700,10.37022,9.35708,9.10165,2.19033,11.68470,8.89968,6.67835,12.81166,10.94302,12.14265,6.85683,19.63536,11.39083,13.49135,8.07035,7.15499,5.62728,9.12142,3.76348,12.70319,10.21043,20.01742,6.33156,13.63029,4.63980,6.85150,8.09973,5.09080,0.96880,15.92960,5.95433,6.83760,6.32888,20.00780,13.59448,10.56151,5.13890,9.04500,7.69790,12.43760,4.27805,7.09835
8.43262,4.33038,3.92322,5.38575,13.00135,9.46020,15.15853,2.27688,18.91665,6.59500,13.67518,13.94558,5.33872,6.39515,11.59870,10.05332,7.27470,2.20688,10.23020,2.84438,0.00000,2.16680,3.16178,11.62275,14.71504,14.84755,9.26410,8.52934,12.66365,3.97612,8.04095,16.79847,0.54987,7.53278,4.95723,17.28902,2.12887,10.60533,6.92895,2.84545,7.77538,5.02295,9.83530,3.95370,11.28660,2.18818,2.81018,14.38373,8.95098,4.74773,5.26608,17.35955,7.66050,5.92225,5.28850,18.06757,19.03420,8.97608,4.85137,5.33340,14.38640,8.63996,11.68791,17.93344,16.94650,10.32904,5.67860,12.80634,18.66390,13.11624,6.58323,10.39265,14.54458,16.08833,16.35175,12.80953,16.19788,6.18460,11.32510,2.60873,14.67818,20.45775,4.49122,17.36596,8.56034,20.07192,13.93915,18.17497,13.21138,7.52584,11.27165,11.94603,2.57130,14.52908,11.74405,5.34407,14.14594,13.78739,14.98702,9.70120,22.47973,10.05655,16.33573,9.40462,8.48926,8.47165,10.45570,2.37680,14.03747,13.05480,22.86179,7.66583,16.47467,2.98383,7.50178,10.94410,6.42508,3.32048,18.77398,7.14325,3.99322,4.99460,22.85217,14.92876,7.71713,2.29452,10.37928,9.03218,13.77187,5.61233,8.43262
10.59943,6.49718,6.09003,3.88795,15.16815,7.29340,17.32533,4.44368,17.41885,4.42820,15.84198,12.44778,3.38567,4.22835,10.10090,12.22012,7.75615,4.37368,8.73240,3.50108,2.16680,0.00000,0.99497,10.12495,13.56029,17.01435,8.20445,10.69614,11.16585,5.47392,7.70805,15.30067,1.66397,8.87348,4.03223,15.79122,0.26983,9.10753,9.09575,0.67865,9.94218,3.52515,11.19310,2.45590,13.45340,4.22673,0.64338,14.01983,7.45317,6.91453,3.76828,15.86175,6.16270,5.43330,3.12170,16.56977,17.53640,7.47828,6.34917,3.83560,16.55320,10.80676,13.85471,20.10024,15.44870,11.82684,3.51180,13.29844,20.83070,15.28304,8.75003,8.89485,13.04678,14.59053,14.85395,14.97633,14.70008,7.68240,9.82730,4.60133,13.18038,18.95995,6.65803,15.86816,10.05814,22.23872,12.44135,20.34177,11.71358,9.02364,9.77385,10.44823,1.31075,13.03127,10.24625,3.17727,16.31274,12.28959,13.48922,8.20340,20.98193,7.88975,14.83793,11.57143,10.65607,6.97385,12.62250,4.54360,16.20427,11.55700,21.36399,9.83263,14.97687,5.15063,9.66858,9.44630,8.59188,4.46988,17.27618,5.64545,5.49102,2.82780,21.35437,17.09556,9.21493,3.84572,12.54608,11.19898,15.93867,7.77913,10.59943
11.59440,7.49215,7.08500,4.46397,16.16312,6.29842,18.32030,5.43865,17.99488,3.43323,16.83696,13.02380,2.80965,3.23337,10.67692,13.21509,8.75113,5.36865,9.43882,4.49605,3.16178,0.99497,0.00000,10.70097,14.55526,18.00933,9.19943,11.69112,11.74187,6.05850,8.70303,15.87670,2.61190,9.86845,5.02720,16.36725,1.03290,9.68355,10.09073,1.04947,10.93715,4.10117,12.18808,3.03192,14.44838,5.22170,0.96290,15.01481,8.02920,7.90950,4.34430,16.43777,6.73872,6.42828,2.16198,17.14580,18.11242,8.05430,5.77315,4.41162,17.54818,11.80174,14.84968,21.09521,16.02472,11.25082,2.51682,14.29341,21.82568,16.27802,9.74500,9.47087,13.62280,15.16655,15.42997,15.97130,15.27610,7.10637,10.40332,5.59630,13.75640,19.53598,7.65300,16.44418,9.48212,23.23370,13.01738,21.33674,12.28960,8.44762,10.34987,11.02425,2.30573,13.60730,10.82227,2.18230,17.30771,13.20122,14.06525,8.77942,21.55796,6.89478,15.41395,12.56640,11.65104,7.54987,13.61748,5.53857,17.19924,12.13302,21.94002,10.82761,15.55289,6.14560,10.66355,10.02232,9.58685,5.46485,17.85220,6.22148,4.91500,1.83282,21.93040,18.09053,8.63891,4.84070,13.54105,12.19395,16.93365,8.77410,11.59440
9.07227,8.12272,13.02703,6.23700,12.49215,13.52395,11.09478,12.53167,7.29390,11.47845,11.62273,2.93413,13.51062,11.45280,1.05000,11.72107,4.34805,11.34272,2.21330,8.77838,11.62275,10.12495,10.70097,0.00000,7.32973,10.78380,2.35865,16.88399,1.04090,15.59887,3.58180,5.46752,11.78892,4.08997,6.66552,5.66627,9.85512,4.10382,10.82280,9.65150,10.22327,6.85950,4.96255,7.66905,11.02535,9.43458,9.73807,7.78928,8.00247,9.46557,8.37972,6.98295,7.91430,5.70050,9.35225,6.44482,7.41145,7.75612,16.47412,8.83500,10.32265,13.86756,7.62416,13.86969,5.32375,21.95179,12.59580,7.06789,14.60015,9.05249,10.46962,9.55960,6.88998,7.23568,7.12720,10.13937,4.57513,17.80735,1.70510,9.01402,3.05543,8.83500,14.45962,5.74321,20.18309,16.00817,2.91170,14.11121,3.14252,19.14859,12.08655,6.35828,9.05145,2.90632,1.08100,12.38312,10.08219,5.97569,8.13713,1.92155,10.85698,14.12030,4.71297,5.34087,13.15902,5.57490,6.39195,12.54185,9.97372,4.78355,11.23904,13.29313,5.14797,13.41817,15.62988,0.67865,12.84962,8.30227,7.15123,8.68380,15.61597,9.64510,11.22942,10.86501,19.33988,13.91728,6.31552,12.18862,9.70813,9.68678,9.07227
12.16456,11.21501,16.11931,11.26898,15.58443,20.85369,4.16581,15.62396,13.05693,17.98849,14.71502,10.26386,16.73221,17.78863,6.27973,14.81336,7.44034,14.43501,5.11644,11.87066,14.71504,13.56029,14.55526,7.32973,0.00000,6.40263,5.45094,19.97628,6.64684,18.69116,6.67408,2.08344,14.88121,7.18226,9.75781,2.57826,13.52236,11.43356,13.91508,14.23893,13.31556,14.18924,4.87974,13.94289,14.11764,12.52686,14.20366,0.45955,15.33221,12.55786,15.70946,14.31268,15.24403,8.79279,16.68199,11.80601,12.39968,15.08586,19.56641,16.16474,12.11754,16.95985,3.14253,9.16042,11.62968,25.04408,17.07208,1.90870,8.83714,5.01544,13.56191,16.88933,14.21971,14.56541,14.45693,13.23166,6.90226,20.89963,9.03483,12.10631,9.03751,10.82334,17.55191,2.65092,23.27538,8.67844,10.24144,7.32011,4.18721,22.24088,19.41628,13.68801,12.24953,4.67666,8.41073,16.73756,5.37400,1.35404,15.46686,6.59978,8.74470,21.45004,8.47751,6.10766,16.25130,12.90463,5.95003,15.63414,12.97410,2.54618,8.14676,16.38542,2.18177,16.51046,18.72216,7.80743,15.94191,11.39456,4.05894,16.01354,18.70826,16.38809,8.13714,9.12249,22.43217,17.00956,7.21591,15.28091,9.67981,12.77906,12.16456
6.41493,10.51718,10.92433,14.72305,9.18180,24.30775,2.23682,12.57068,16.51100,21.44255,8.31239,13.71793,20.18628,21.24270,9.73380,8.41072,9.25820,12.64068,8.57050,13.51328,14.84755,17.01435,18.00933,10.78380,6.40263,0.00000,8.80990,13.57365,10.10090,12.28853,9.30630,8.48607,15.39743,8.14088,12.98213,8.97662,16.97643,14.88763,7.91860,17.69300,7.07218,17.64330,5.82125,17.39695,7.71500,12.78763,17.65773,6.07133,18.78628,10.09983,19.16353,17.76675,18.69810,11.58105,20.13605,15.26008,15.85375,18.53993,13.16378,19.61880,5.71490,10.55722,3.26010,3.08589,15.08375,18.64145,20.52615,4.49394,3.81635,1.73131,8.26433,20.34340,17.67378,18.01948,17.91100,6.82903,10.35633,15.44070,12.48890,12.41303,12.49158,14.27740,11.14928,9.05355,16.87275,5.22437,13.69550,3.32741,7.64128,15.83825,22.87035,17.14208,15.70360,8.13073,11.86480,20.19163,1.02864,5.47499,18.92093,10.05385,14.16733,24.90410,11.93158,5.44293,9.84867,16.35870,4.39185,12.47075,6.57147,6.00025,14.54939,9.98278,8.16226,11.86373,12.31953,11.26150,9.53928,12.54448,10.46157,19.46760,14.91863,19.84215,14.53977,2.71986,16.02953,13.16863,4.46828,8.87828,3.27718,9.23523,6.41493
6.71362,5.76407,10.66838,5.91315,10.13350,15.49785,9.12088,10.17303,9.65255,12.63265,9.26408,4.90803,11.37637,12.43280,2.33460,9.36242,1.98940,8.98408,0.96610,6.41972,9.26410,8.20445,9.19943,2.35865,5.45094,8.80990,0.00000,14.52534,3.39955,13.24023,1.22315,7.53437,9.43027,1.73132,4.30687,8.02492,8.16653,6.07773,8.46415,8.88310,7.86462,8.83340,2.98865,8.58705,8.66670,7.07593,8.84783,5.81538,9.97637,7.10692,10.35363,8.95685,9.88820,3.34185,11.32615,8.80348,9.77010,9.73003,14.11547,10.80890,8.34875,11.50891,5.65026,11.89579,7.68240,19.59314,11.71625,5.09399,12.62625,7.07859,8.11097,11.53350,8.86388,9.20958,9.10110,7.78072,6.93377,15.44870,3.67900,6.65537,5.41408,11.19365,12.10098,8.10186,17.82444,14.03427,4.88560,12.13731,3.94728,16.78994,14.06045,8.33218,6.89370,5.26497,3.05490,11.38173,8.10829,4.52329,10.11103,1.24395,13.21563,16.09420,7.07163,3.36697,10.80036,7.54880,4.41805,10.18320,7.99982,3.79070,13.59769,10.93448,7.21056,11.05953,13.27123,2.45160,10.49098,5.94362,9.50988,10.65770,13.25732,11.03225,13.58807,8.89111,16.98123,11.55863,4.34162,9.82998,7.73422,7.32812,6.71362
7.81172,8.76127,4.60612,10.64699,4.47200,17.98954,15.81047,6.25247,24.17789,15.12434,5.26126,19.20682,13.86807,14.92449,16.85994,5.16292,12.53594,6.32247,15.49144,8.10562,8.52934,10.69614,11.69112,16.88399,19.97628,13.57365,14.52534,0.00000,17.92489,5.63262,13.30219,22.05972,9.07922,12.79402,10.21847,22.55027,10.65822,15.86657,6.06119,11.37479,6.66072,11.32509,15.09654,11.07874,5.85864,7.44942,11.33952,19.64498,14.21222,7.41842,12.84532,22.62079,12.92174,11.18349,13.81784,23.32882,24.29544,14.23732,6.12957,13.30059,7.85874,3.01643,16.83375,10.81586,22.20774,5.06780,14.20794,18.06758,11.13914,14.96084,6.41437,15.65389,19.80582,21.34957,21.61299,6.74462,21.45912,9.12249,16.58634,7.86997,19.93942,25.71899,4.03812,22.62720,5.10735,12.55571,19.20039,12.65617,18.47262,5.21530,16.55214,17.20727,9.38539,19.79032,17.00529,13.87342,14.60228,19.04863,20.24827,14.96244,27.74098,18.58589,21.59697,13.86862,3.72498,13.73289,14.02624,6.15254,7.00218,18.31604,28.12304,3.59086,21.73591,5.54552,1.25412,16.20534,4.03437,8.58172,24.03522,13.14939,8.60042,13.52394,28.11342,10.85379,4.98551,6.85042,12.76037,4.69537,10.29647,7.19722,7.81172
10.11318,9.16362,14.06792,7.27790,13.53305,14.20685,10.41188,13.57258,6.41010,12.51935,12.66363,3.61703,14.55152,12.49370,1.06495,12.76197,5.38895,12.38362,2.43345,9.81928,12.66365,11.16585,11.74187,1.04090,6.64684,10.10090,3.39955,17.92489,0.00000,16.63978,4.62270,4.78462,12.82982,5.13087,7.70643,4.62537,10.89602,4.78672,11.86370,10.69240,11.26417,7.64070,4.27965,8.70995,12.06625,10.47548,10.77897,7.10638,8.68537,10.50648,9.06262,7.66585,8.59720,6.74140,10.03515,5.40392,6.37055,8.43903,17.51502,9.51790,10.06615,14.90846,6.94126,13.18679,4.98285,22.99269,13.63670,6.38499,13.91725,8.36959,11.51053,10.24250,7.57288,7.91858,7.81010,11.18027,3.53423,18.84825,2.38800,10.05493,2.39068,7.79410,15.50053,4.70230,21.22399,15.32527,3.59460,13.42832,2.45962,20.18949,12.76945,7.04118,10.09235,1.97018,1.76390,13.42403,9.39929,5.29279,8.82002,2.96245,9.81608,14.80320,3.67207,4.65798,14.19991,6.25780,5.70905,13.58275,10.92272,4.10065,10.19814,14.33403,4.46507,14.45908,16.67077,1.71955,13.89053,9.34317,6.11033,9.36670,16.65687,10.68600,10.18852,10.18211,20.38078,14.95818,5.63262,13.22953,9.02523,10.72767,10.11318
6.52660,7.47615,2.57185,9.36188,10.10462,12.35693,14.52535,3.06720,22.89278,9.49172,10.77846,17.92170,8.23545,9.29187,15.57482,7.15660,11.25083,4.25615,14.20633,6.82050,3.97612,5.47392,6.05850,15.59887,18.69116,12.28853,13.24023,5.63262,16.63978,0.00000,12.01708,20.77460,3.80995,11.50890,8.93335,21.26515,5.74375,14.58145,4.77607,5.94738,5.37560,8.99908,13.81142,7.92982,8.38987,6.16430,5.86080,18.35986,12.92710,6.13330,9.24220,21.33568,11.63663,9.89837,8.18522,22.04370,23.01033,12.95220,0.87525,9.30952,11.48968,5.74324,15.54863,15.03671,20.92263,6.35292,8.57532,16.78246,15.76717,13.67572,5.12925,14.36877,18.52070,20.06445,20.32787,9.91280,20.17400,3.48987,15.30122,6.58485,18.65430,24.43388,1.59450,21.34208,4.58422,17.17520,17.91528,15.27824,17.18750,3.54972,15.24778,15.92215,6.54743,18.50520,15.72018,8.24080,13.31716,17.76351,18.96315,13.67732,26.45586,12.95328,20.31185,12.58350,5.59254,12.44777,12.74113,3.05702,11.14074,17.03092,26.83792,4.76911,20.45079,2.18070,4.60505,14.92022,3.52835,7.29660,22.75010,11.11938,2.96780,7.89133,26.82830,12.03203,3.74101,1.68160,11.47525,6.13545,10.87515,5.91210,6.52660
5.49048,4.54092,9.44523,5.41675,8.91035,15.00145,9.61728,8.94988,10.87570,12.13625,8.13393,5.90463,10.87997,11.93640,3.55775,8.13927,0.76625,7.76093,2.18925,5.19658,8.04095,7.70805,8.70303,3.58180,6.67408,9.30630,1.22315,13.30219,4.62270,12.01708,0.00000,8.75752,8.20712,1.16542,3.67583,9.24807,7.67012,5.58132,7.24100,8.38670,6.64147,8.33700,3.48505,8.09065,7.44355,5.85278,8.35143,6.34278,9.47997,5.88377,9.85722,9.31860,9.39180,2.27475,10.82975,10.02662,10.99325,9.23362,12.89232,10.31250,8.84515,10.28576,6.14666,12.39219,8.90555,18.36999,11.21985,5.59039,13.12265,7.57499,6.88783,11.03710,8.36748,8.71318,8.60470,7.26828,8.15692,14.22555,3.28415,5.43222,6.63723,12.41680,10.87783,9.32500,16.60129,14.53067,5.89820,12.63372,5.17042,15.56679,13.56405,7.83578,6.39730,6.48812,3.70310,10.88532,8.60469,5.74644,9.61463,1.66025,14.43878,15.59780,8.29477,3.86338,9.57722,7.05240,4.91445,8.96005,8.49622,5.01385,14.82084,9.71133,8.43371,9.83638,12.04808,2.90315,9.26783,4.72048,10.73303,10.16130,12.03418,10.53585,14.81122,9.38751,15.75808,10.33548,4.83803,8.60683,8.23062,6.10498,5.49048
14.24800,13.29845,18.20275,11.41272,17.66787,18.99147,6.24924,17.70740,11.19472,16.65417,16.79846,8.40165,18.68635,16.62852,5.19977,16.89679,9.52377,16.51845,6.56827,13.95410,16.79847,15.30067,15.87670,5.46752,2.08344,8.48607,7.53437,22.05972,4.78462,20.77460,8.75752,0.00000,16.96465,9.26570,11.84125,0.71605,15.03085,9.57135,15.99852,14.82722,15.39900,12.32702,6.96317,12.84477,16.20107,14.61030,14.91380,2.41474,13.47000,14.64130,13.84725,12.45047,13.38182,10.87622,14.81977,9.94380,10.53747,13.22365,21.64985,14.30252,14.20097,19.04329,5.22596,11.24386,9.76747,27.12752,17.77152,3.99213,10.92058,7.09888,15.64535,15.02712,12.35750,12.70320,12.59472,15.31510,5.04005,22.98307,7.17262,14.18975,7.17530,8.96112,19.63535,0.69787,25.35881,10.54065,8.37922,9.40355,3.58710,24.32432,17.55407,11.82580,14.22717,2.81445,6.54852,17.55885,7.45743,3.01108,13.60465,7.09727,6.88249,19.58782,6.61530,8.19110,18.33474,11.04242,8.03347,17.71757,15.05754,3.74367,6.06332,18.46885,0.32381,18.59390,20.80560,5.94522,18.02535,13.47800,1.97551,14.15132,20.79170,14.82082,6.05370,11.20593,24.51560,19.09300,9.29935,17.36435,11.76325,14.86250,14.24800
8.98250,4.88025,4.47310,5.55192,13.55122,8.91033,15.70840,2.82675,19.08282,6.04513,14.22506,14.11175,4.78885,5.84527,11.76487,10.60319,7.44087,2.75675,10.39637,3.01055,0.54987,1.66397,2.61190,11.78892,14.88121,15.39743,9.43027,9.07922,12.82982,3.80995,8.20712,16.96465,0.00000,7.69895,5.12340,17.45520,1.93380,10.77150,7.47882,2.29557,8.32525,5.18912,10.00147,4.11987,11.83648,2.60980,2.26030,14.54991,9.11715,5.29760,5.43225,17.52573,7.82667,6.08842,4.73863,18.23375,19.20037,9.14225,4.68520,5.49957,14.93628,9.18984,12.23778,18.48331,17.11267,10.16287,5.12873,12.97251,19.21377,13.66612,7.13310,10.55882,14.71075,16.25450,16.51792,13.35940,16.36405,6.01843,11.49127,2.98440,14.84435,20.62392,5.04110,17.53213,8.39417,20.62180,14.10532,18.72484,13.37755,7.35967,11.43782,12.11220,2.73747,14.69525,11.91022,4.79420,14.69581,13.95356,15.15320,9.86737,22.64591,9.50668,16.50190,9.95450,9.03914,8.63782,11.00557,2.92667,14.58734,13.22097,23.02797,8.21571,16.64084,3.53370,8.05165,11.11027,6.97495,3.48665,18.94015,7.30943,3.82705,4.44473,23.01835,15.47863,7.55096,2.22880,10.92915,9.58205,14.32175,6.16220,8.98250
4.98230,4.03275,8.93705,6.58217,8.40217,16.16687,8.45185,8.44170,11.38387,13.30167,7.53276,6.41280,12.04540,13.10182,4.06592,7.63110,1.11732,7.25275,2.69742,5.37240,7.53278,8.87348,9.86845,4.08997,7.18226,8.14088,1.73132,12.79402,5.13087,11.50890,1.16542,9.26570,7.69895,0.00000,4.84125,9.75625,8.83555,6.74675,6.73283,9.55212,6.13330,9.50242,2.31963,9.25607,6.93538,5.34460,9.51685,6.85096,10.64540,5.37560,11.02265,9.82677,10.55722,3.44017,11.99517,10.53480,11.50142,10.39905,12.38415,11.47792,7.67973,9.77759,4.98123,11.22676,9.41372,17.86182,12.38527,5.27356,11.95723,6.40957,6.37965,12.20252,9.53290,9.87860,9.77012,6.10285,8.66510,13.71738,4.34802,4.92405,7.14540,12.92497,10.36965,9.83318,16.09312,13.36525,6.40637,11.46829,5.67860,15.05862,14.72947,9.00120,7.56272,6.99630,4.21127,12.05075,7.43927,6.25461,10.78005,2.16842,14.94696,16.76322,8.80295,2.69795,9.06904,8.21782,3.74903,8.45188,7.33079,5.52202,15.32902,9.20316,8.94189,9.32820,11.53990,3.41132,8.75965,4.40360,11.24120,11.32672,11.52600,11.70127,15.31940,8.22208,15.24991,9.82730,3.67260,8.09865,7.06520,5.59680,4.98230
6.56720,2.46495,6.36150,1.74093,11.13592,11.32563,13.29310,5.86615,13.95942,8.46043,11.80976,8.98835,7.20415,8.26057,6.64147,8.18789,3.72393,4.67720,5.27298,2.11285,4.95723,4.03223,5.02720,6.66552,9.75781,12.98213,4.30687,10.21847,7.70643,8.93335,3.67583,11.84125,5.12340,4.84125,0.00000,12.33180,3.99430,5.64810,5.06353,4.71087,5.90995,4.66118,7.16088,4.41483,9.42118,2.76905,4.67560,9.98761,5.80415,2.88230,6.18140,12.40233,5.71597,1.40108,7.15392,13.11035,14.07697,5.55780,9.80860,6.63667,12.52097,7.20204,9.82248,16.06801,11.98928,15.28627,7.54402,9.26621,16.79848,11.25082,4.71780,7.36127,9.58735,11.13110,11.39452,10.94410,11.24065,11.14183,6.36788,2.34850,9.72095,15.50053,7.79410,12.40873,13.51757,18.20650,8.98193,16.30954,8.25415,12.48307,9.88823,6.98880,2.72147,9.57185,6.78683,7.20950,12.28051,8.83017,10.02980,4.74398,17.52251,11.92198,11.37850,7.53920,6.62384,3.51443,8.59028,5.87633,12.17204,8.09758,17.90457,6.62761,11.51744,6.75265,8.96435,5.98688,6.18410,1.63675,13.81675,6.48548,8.95045,6.86003,17.89495,13.06333,12.67436,7.25175,8.51385,7.16675,11.90645,3.74690,6.56720
