0.00000,2.97742,4.24115,6.20740,4.03539,12.69532,7.38978,4.99303,13.59747,10.76149,4.12245,9.57032,10.23106,10.61908,6.81488,2.19576,3.89888,4.68588,5.64024,5.02359,6.22953,7.53180,8.27897,7.12016,8.85277,6.09718,5.04027,5.52414,7.61127,6.05156,4.38779,10.10476,6.63572,3.72842,4.94573,10.42524,7.48860,8.26642,1.63177,7.98531,0.93722,8.12987,5.16823,7.82860,2.44537,4.51346,7.96379,8.70991,9.84928,2.62042,9.21687,13.19418,9.40714,4.36221,9.70963,12.62967,13.43139,9.70319,6.75214,9.54167,4.21009,3.39395,6.78211,7.04593,11.88264,9.72256,10.28450,7.49891,7.60759,6.04343,1.63903,11.30270,11.63229,12.60831,12.70108,3.18559,10.04455,8.88161,7.54610,4.24150,9.59184,13.82912,4.72007,10.47996,8.61849,8.88760,9.55795,7.69356,7.58811,7.99162,13.16890,10.08336,6.56810,8.55660,7.55721,10.01896,6.27510,8.02652,12.47132,5.67339,14.67358,13.08098,10.49920,4.33767,2.89004,8.18349,4.62132,4.93513,4.00435,7.43346,14.69963,3.03345,9.86129,4.92830,4.68341,6.85355,3.02478,4.36831,11.48257,9.78432,7.58726,9.50312,14.72847,5.07217,8.04127,5.87735,3.76022,2.24400,4.16423,2.04104,0.00000
2.97742,0.00000,3.47979,3.25924,6.86577,9.75861,9.13620,3.43916,11.69612,8.08161,7.05604,7.72510,7.82691,7.94123,5.75336,4.78018,2.81364,2.72742,4.95403,2.16870,3.93715,4.80740,5.60266,5.74673,9.37187,8.17833,4.25084,6.86990,6.48634,5.38276,3.32312,10.09698,4.31612,3.30982,2.02477,10.25306,4.72880,5.89856,2.64981,5.18795,2.85310,5.15272,5.57617,4.87530,5.32984,1.85417,5.17672,9.35536,7.00324,0.99434,6.24012,11.05990,6.48988,1.87070,6.80794,10.83302,11.61442,6.86847,6.06107,6.56509,7.13926,5.07817,7.72328,9.72791,10.04145,9.79157,7.75203,8.15060,10.27386,7.60349,2.30036,8.48714,9.30589,10.36219,10.48417,6.16291,8.97946,7.68222,5.70612,1.48133,8.02650,12.28218,4.48231,10.30877,8.55212,11.44976,7.71612,10.16963,7.16174,7.82952,10.31986,7.59026,3.72569,7.97919,5.90678,7.47482,8.07659,8.31935,10.06415,4.39712,13.47325,10.17589,9.13115,5.09083,4.61847,5.42404,5.71137,3.41651,6.97575,7.47316,13.69278,4.35077,9.80226,3.86361,5.76260,5.29000,3.65591,1.43913,11.06427,6.83313,6.14498,6.68105,13.68968,7.63886,7.95120,4.50594,5.12747,4.39536,6.76383,1.42997,2.97742
4.24115,3.47979,0.00000,5.50158,6.43033,10.21392,11.59996,1.21570,14.90220,7.51768,6.96680,11.03227,6.55811,7.38062,9.23295,4.43191,6.24902,1.70040,8.39349,3.51807,2.94650,4.77024,5.27294,9.21203,12.56258,10.33815,7.69042,4.24809,9.96455,1.95807,6.77607,13.46830,3.28188,6.61885,4.72775,13.66329,4.83161,8.94255,2.63562,5.34832,3.36898,6.57472,8.72839,5.94150,5.39565,2.86161,5.29886,12.49286,9.19352,2.58493,7.49593,14.12268,8.44398,5.20141,7.24563,14.10588,14.86658,9.10354,2.66490,7.77786,7.92124,3.38778,10.69316,11.06147,13.30511,6.31444,6.79636,11.26727,11.62578,10.19332,2.60920,10.67442,12.24583,13.34789,13.49241,6.60700,12.45308,4.65022,9.06876,3.02658,11.42588,15.63955,1.08972,13.71917,5.07250,12.97013,11.02497,11.84352,10.59235,4.34998,12.31638,10.41372,4.39583,11.43844,9.32102,6.56877,10.48727,11.58004,12.89613,7.87684,16.91257,10.39922,12.56428,8.07090,3.23003,7.97077,8.54656,1.14604,7.48967,10.80073,17.15880,2.65310,13.18379,0.71954,3.12897,8.73487,1.77352,3.53187,14.51959,8.54540,3.36579,6.74407,17.15222,9.22164,4.47192,1.70725,7.77660,3.66089,8.32055,2.64673,4.24115
6.20740,3.25924,5.50158,0.00000,10.12275,6.84486,11.24018,4.70402,9.65096,6.02596,10.31085,6.09430,6.43244,5.90383,5.63442,8.02049,4.08856,3.89902,5.53726,1.99024,3.80932,3.19110,3.91961,5.21622,10.34470,10.61446,5.00035,9.59166,6.09640,6.90398,4.26563,10.45795,3.95466,4.89565,1.26776,10.42153,3.01401,3.69263,5.80216,3.19995,6.10026,2.08080,7.03706,2.14482,8.58839,2.64295,3.23031,10.45280,3.82234,3.98735,3.14103,8.73602,3.23848,2.25389,4.15931,8.97544,9.68397,3.70533,7.41538,3.46202,10.27561,8.08513,9.27330,12.59339,8.17866,11.38340,6.08729,9.38675,13.11395,9.67974,5.46032,5.32247,6.80407,7.91870,8.07515,9.38452,8.24531,8.19720,4.48705,2.55422,6.75754,10.66217,6.58331,10.47307,10.13329,14.16938,6.09165,12.84243,7.46297,9.40432,7.10712,4.94413,2.10744,7.97054,4.92938,5.81722,10.30158,9.18949,7.40968,4.49581,12.21835,7.36877,7.99044,6.94621,7.67736,2.46963,7.68612,4.73413,10.16994,8.21284,12.65832,7.30276,10.13759,5.46557,8.44542,4.63020,6.45848,2.12268,10.88704,3.57768,6.63338,4.34858,12.61744,10.46921,9.57542,5.54089,7.40361,7.57524,9.65333,4.58351,6.20740
4.03539,6.86577,6.43033,10.12275,0.00000,16.25617,8.21701,7.58340,17.41470,13.87524,0.77780,13.42425,12.98837,13.73507,10.43234,2.15469,7.78665,7.67599,9.17652,8.65773,9.21387,10.85533,11.49902,10.86127,11.07835,6.62246,8.69427,4.43211,11.20900,7.47513,8.21728,12.73175,9.59505,7.42359,8.88702,13.17672,10.85996,12.28308,4.45313,11.38398,4.02856,11.92200,8.07439,11.51277,1.59559,8.03316,11.34877,10.81611,13.84568,6.21620,12.99103,17.11371,13.35563,8.39326,13.23151,16.40946,17.20995,13.70426,8.00779,13.31052,2.63986,3.23368,8.84664,5.72684,15.69457,9.42125,13.20892,9.76016,6.22858,7.47384,4.75830,15.31307,15.62214,16.57014,16.65301,1.66918,13.48543,10.32138,11.44493,7.86623,13.32387,17.45540,6.17629,13.22686,8.68662,7.63681,13.41079,6.89439,10.76687,8.31120,17.16712,14.11026,10.09618,11.76027,11.39016,12.97240,7.26509,10.57342,16.47683,9.46316,18.06042,16.55175,14.10197,7.16748,3.22518,12.20385,7.04634,7.51277,1.98587,10.27471,17.94594,3.81505,12.55344,7.11366,4.47720,10.68191,4.65699,8.12429,14.38180,13.68788,9.50385,12.88332,17.99784,4.76821,8.25639,8.06933,6.20110,2.81482,4.21060,5.58873,4.03539
12.69532,9.75861,10.21392,6.84486,16.25617,0.00000,18.00806,9.00425,11.88273,3.41386,16.60553,10.25819,5.09946,3.48535,11.61214,14.10357,10.88615,8.66556,11.96040,7.67876,7.27108,5.45922,4.96648,10.96689,16.56871,17.45286,11.56672,14.31700,11.75527,10.41137,10.98022,16.18189,6.96429,11.69694,8.03521,15.96543,5.42527,8.12319,11.81182,4.89866,12.32853,4.76449,13.70130,4.88697,14.86965,8.24942,4.94094,16.75487,5.22980,10.13343,3.74103,10.49902,4.72483,9.09805,3.02479,11.80913,12.17771,5.37264,10.47711,3.44128,16.89249,13.54604,15.87656,19.40020,11.22309,13.73392,4.43464,15.82792,19.92962,16.45963,11.52537,5.30085,8.79101,9.61622,9.81686,15.84971,13.09002,9.56464,9.82095,8.47068,11.24730,13.61021,10.99540,16.00783,12.73715,21.00955,10.26667,19.68533,13.45487,12.18033,5.22045,7.55012,6.17088,13.63680,10.35210,4.46605,17.10929,15.41818,8.63343,10.84747,15.60475,0.74455,12.34095,13.72649,13.28849,6.43874,14.47519,9.07219,16.69402,14.43277,16.36962,12.76316,15.86675,9.71572,13.27226,10.44050,11.83169,8.33301,16.01265,4.06932,8.73297,3.47521,16.27010,17.28095,12.39157,9.05762,14.24147,13.47388,16.44293,10.76026,12.69532
7.38978,9.13620,11.59996,11.24018,8.21701,18.00806,0.00000,12.19070,13.28519,17.05108,7.53280,10.20650,16.95315,16.91583,7.14139,8.34965,7.15163,11.68764,6.28420,11.19095,13.05885,13.82200,14.63423,7.88183,3.97048,1.59689,6.51314,12.12265,7.51259,13.44131,7.02793,5.94639,13.44570,6.34558,10.19748,6.54455,13.71078,10.74711,9.02148,14.10186,8.31351,13.28337,4.36543,13.36173,7.55085,10.98819,14.10583,3.57979,13.55100,9.45546,14.26829,13.65988,13.59577,9.02301,15.39179,12.22668,12.90917,13.37594,14.14150,14.56710,5.64917,10.15330,2.55855,4.04019,11.78819,16.86818,16.83670,3.26423,4.12971,1.56410,8.99507,14.60527,13.02717,13.54044,13.52238,6.62222,8.53518,16.25017,9.06749,10.60547,9.51193,12.46996,12.10329,6.57552,15.85752,4.16743,10.19002,3.08614,5.92981,15.28071,16.39963,12.38063,12.65136,6.59930,8.65093,16.55693,1.11469,4.28315,13.95636,7.35353,12.22356,18.57911,9.57506,4.29408,9.76059,11.87844,3.55669,12.14280,6.27865,4.80154,11.74761,10.13556,5.93613,12.25997,11.62999,8.18774,10.36701,10.42875,7.83779,14.19142,14.88999,15.48581,11.85231,3.50867,15.30622,13.16552,4.00901,8.97434,4.02039,9.09170,7.38978
4.99303,3.43916,1.21570,4.70402,7.58340,9.00425,12.19070,0.00000,14.29300,6.31741,8.08541,10.53500,5.42935,6.17932,9.06886,5.52857,6.24276,0.84217,8.36904,2.73640,1.73354,3.57341,4.05773,8.95086,12.79103,11.02395,7.66922,5.38684,9.75486,2.21268,6.73633,13.53104,2.06666,6.74112,4.15819,13.67325,3.64517,8.30500,3.50443,4.15534,4.21676,5.51900,8.97199,4.84448,6.45926,2.19535,4.10380,12.75869,8.24170,2.78443,6.38734,13.43012,7.44917,4.88079,6.04882,13.55250,14.29173,8.16533,2.78909,6.65743,8.91447,4.59747,11.05336,11.97717,12.75013,6.72826,5.62555,11.54373,12.54184,10.72456,3.37614,9.69899,11.50766,12.62133,12.77595,7.63740,12.19725,4.24675,8.65096,2.48985,11.02189,15.15664,2.07609,13.72879,5.47063,13.85567,10.52926,12.68273,10.57549,4.73600,11.27940,9.64747,3.31113,11.35881,8.96092,5.38985,11.08910,11.75243,12.10386,7.71068,16.54037,9.18391,12.20218,8.40728,4.41516,7.15347,8.95762,0.07102,8.52447,10.91229,16.85277,3.84842,13.23407,0.80177,4.29525,8.43232,2.94182,2.99069,14.44177,7.49684,2.74096,5.53203,16.83498,10.05831,4.89678,1.06711,8.25664,4.78287,9.15063,3.09989,4.99303
13.59747,11.69612,14.90220,9.65096,17.41470,11.88273,13.28519,14.29300,0.00000,13.72445,17.22081,4.03193,14.93881,13.67164,7.05276,15.79322,9.69892,13.45926,8.32184,11.56080,13.42771,12.32213,12.76833,6.55751,9.69889,13.87558,8.73151,18.55349,6.33204,16.50567,9.22466,8.05632,13.51655,9.99129,10.18132,7.49839,12.13066,5.98805,14.17823,12.01132,14.07023,9.85690,9.91821,10.59893,15.86346,12.11828,12.07069,10.08074,7.22812,12.68825,9.83296,1.41447,8.10815,9.82748,11.48525,1.06905,0.47212,7.17397,17.05035,9.85300,16.18506,16.64283,10.77486,16.77173,1.72025,21.01441,14.34785,10.02622,17.07645,12.31652,13.84829,6.60855,3.19899,2.26660,2.06624,16.02164,4.75772,17.76539,6.07490,11.88995,4.13040,1.91885,15.98587,7.50295,19.75914,17.42845,4.04367,16.22210,7.45728,19.02605,7.03162,4.94913,11.57200,6.68879,6.04290,14.15508,13.06960,9.03512,3.25958,7.95674,3.95543,12.62228,3.71701,10.69541,16.14620,7.38652,11.17877,14.31399,16.45485,8.50991,4.88309,15.98220,7.88139,15.00978,17.45710,6.74977,15.34904,11.37924,6.64140,8.58354,16.23881,12.20709,4.74666,15.04715,19.18950,15.18363,11.73429,15.71568,14.67895,13.06293,13.59747
10.76149,8.08161,7.51768,6.02596,13.87524,3.41386,17.05108,6.31741,13.72445,0.00000,14.33355,11.18358,1.68937,0.14247,11.58227,11.77339,9.98251,6.22461,11.56320,5.92300,4.66449,3.27421,2.48913,11.07619,16.36905,16.22500,11.01714,11.35706,11.94502,7.31679,10.23830,16.39235,4.28018,10.75928,6.88270,16.30056,3.36017,8.72926,9.57411,2.94931,10.20008,4.37239,12.99886,3.92928,12.64826,6.28829,2.94566,16.47864,6.50436,8.14583,3.96400,12.44742,5.65797,8.08189,2.27457,13.40647,13.92952,6.57364,7.27540,3.88927,14.93716,10.90440,15.24580,17.76113,12.70331,10.34431,1.02183,15.40391,18.31510,15.48930,9.34568,7.28824,10.52548,11.53103,11.72931,13.75370,13.79532,6.16754,10.12863,6.61837,12.06966,15.23115,8.11763,16.34963,9.38379,19.52242,11.18737,18.24997,13.43919,8.86059,7.93273,8.88186,4.40601,13.85869,10.63690,1.09162,16.04317,15.21247,10.64578,10.51277,17.09267,3.24736,13.27819,12.79866,10.73218,6.89892,13.51005,6.38843,14.63298,14.23281,17.72615,10.16525,16.07067,6.91073,10.39118,10.49499,9.25750,6.68071,16.61638,5.14226,5.46263,1.72082,17.65188,15.69961,9.07188,6.09941,13.08089,11.06149,14.81099,8.72436,10.76149
4.12245,7.05604,6.96680,10.31085,0.77780,16.60553,7.53280,8.08541,17.22081,14.33355,0.00000,13.26404,13.51097,14.19238,10.19381,2.56199,7.69096,8.11174,8.92718,8.95512,9.66982,11.25193,11.92336,10.66461,10.52943,5.93592,8.48985,5.20387,10.95642,8.12357,8.08757,12.23438,10.05932,7.25612,9.05661,12.69900,11.24484,12.25930,4.80373,11.76472,4.28755,12.17624,7.69236,11.80823,1.74101,8.35770,11.73284,10.25211,13.97085,6.49434,13.25544,16.98127,13.52469,8.46799,13.58548,16.20031,16.99769,13.82392,8.67960,13.57785,1.90430,3.89825,8.30277,4.94905,15.50339,10.19371,13.70248,9.23232,5.45146,6.87001,5.08063,15.41972,15.55379,16.47208,16.54631,1.21444,13.16654,10.99625,11.32081,8.15959,13.10673,17.17936,6.79680,12.74791,9.44478,6.86029,13.25006,6.12098,10.40161,9.05516,17.28948,14.10211,10.43476,11.39106,11.23055,13.45939,6.61348,10.08242,16.42592,9.30037,17.70479,16.92919,13.83141,6.79427,3.82452,12.29621,6.60265,8.01556,1.25739,9.84215,17.55255,4.41036,12.06931,7.66579,5.20424,10.52529,5.19949,8.37706,13.92538,13.88779,10.12190,13.27539,17.61024,4.05264,9.00552,8.63641,5.79222,3.30740,3.56109,5.86335,4.12245
9.57032,7.72510,11.03227,6.09430,13.42425,10.25819,10.20650,10.53500,4.03193,11.18358,13.26404,0.00000,12.09417,11.09933,3.26964,11.76570,5.67405,9.69298,4.48887,7.85107,9.89331,9.10531,9.69627,2.64619,7.27801,10.48604,4.79609,14.55434,2.71350,12.73401,5.21186,6.27402,10.04894,6.00947,6.37698,5.92651,8.91404,2.50255,10.15972,8.92148,10.03919,6.89282,6.29491,7.52904,11.86039,8.33972,8.97183,7.58892,5.03161,8.71943,7.24528,3.74488,5.67029,5.87111,8.92109,3.11200,3.90230,4.89631,13.32176,7.38207,12.33939,12.62010,7.65208,13.28112,2.33142,17.25474,11.59563,7.11822,13.64804,8.99187,9.83332,5.31602,2.82909,3.39814,3.41845,12.07739,2.86122,14.28622,2.04663,8.06929,1.01011,4.62177,12.10271,5.96017,15.99643,14.19591,0.01649,12.91229,4.32809,15.26095,6.74228,2.80384,8.16447,3.97223,2.03480,11.36164,9.76284,6.30118,3.75205,3.96486,6.12942,10.98657,2.10996,6.96319,12.12130,4.29753,7.54367,10.54784,12.56116,5.49345,6.62433,11.97038,5.98817,11.20752,13.47041,2.74252,11.36321,7.55876,5.78142,6.29803,12.71303,9.50624,6.56977,11.40590,15.41268,11.49005,7.97222,11.68402,10.93665,9.06436,9.57032
10.23106,7.82691,6.55811,6.43244,12.98837,5.09946,16.95315,5.42935,14.93881,1.68937,13.51097,12.09417,0.00000,1.63565,12.06528,10.95713,10.08404,5.55139,11.86958,5.78460,4.00413,3.28054,2.51329,11.63923,16.66769,15.99268,11.26473,10.09215,12.51922,6.00764,10.41526,16.88633,3.59843,10.81296,7.02692,16.85360,3.43990,9.59572,8.88032,3.24879,9.55998,5.20703,13.11081,4.57735,11.88651,5.97303,3.21136,16.73801,7.72789,7.68436,5.11004,13.71710,6.83323,8.21730,3.51565,14.53423,15.10801,7.76968,5.85947,5.12195,14.30383,9.88765,15.34744,17.27692,13.79800,8.70310,0.69008,15.60757,17.83863,15.40869,8.70002,8.68435,11.75453,12.80310,12.99732,13.05229,14.55545,4.52672,10.81278,6.34991,12.91593,16.34383,6.98314,16.90502,7.78691,19.10519,12.09597,17.87546,13.88100,7.30264,9.49677,10.01609,4.47094,14.40230,11.29328,0.79727,15.90190,15.52743,11.96585,10.88514,18.13258,4.88683,14.14637,12.79681,9.78103,7.80929,13.47122,5.49854,13.93924,14.56926,18.70616,9.19690,16.56651,5.88529,9.20244,11.05240,8.33138,6.53927,17.28651,6.40616,4.01127,2.74415,18.64301,15.27625,7.51266,4.97055,12.94549,10.20467,14.37262,8.20205,10.23106
10.61908,7.94123,7.38062,5.90383,13.73507,3.48535,16.91583,6.17932,13.67164,0.14247,14.19238,11.09933,1.63565,0.00000,11.46890,11.63237,9.85154,6.08305,11.44101,5.78345,4.52365,3.13386,2.34733,10.96711,16.24800,16.08652,10.89215,11.23028,11.83707,7.19475,10.11015,16.28126,4.14006,10.62706,6.75111,16.19287,3.22131,8.63956,9.43209,2.81470,10.05772,4.27243,12.86935,3.81488,12.50654,6.14661,2.81001,16.35585,6.44750,8.00352,3.89188,12.40090,5.59390,7.95099,2.20396,13.34385,13.87265,6.51356,7.16116,3.82742,14.79469,10.76768,15.11647,17.61923,12.63696,10.25926,0.95391,15.27852,18.17329,15.35429,9.20339,7.25646,10.47299,11.48442,11.68227,13.61148,13.70050,6.08455,10.02662,6.47730,11.98063,15.16757,7.98606,16.24210,9.28963,19.38124,11.10295,18.10926,13.32437,8.76053,7.93401,8.81734,4.26896,13.74970,10.53339,0.99254,15.90669,15.09189,10.60510,10.39315,17.02233,3.34365,13.19146,12.66537,10.59379,6.81072,13.37584,6.25033,14.49068,14.11297,17.65037,10.02741,15.95960,6.77598,10.26091,10.38525,9.11892,6.54159,16.51618,5.08812,5.35378,1.61699,17.57709,15.55817,8.97188,5.96927,12.94407,10.92117,14.66935,8.58191,10.61908
6.81488,5.75336,9.23295,5.63442,10.43234,11.61214,7.14139,9.06886,7.05276,11.58227,10.19381,3.26964,12.06528,11.46890,0.00000,8.97830,3.07597,8.26324,1.27005,6.74250,8.96327,8.80439,9.55199,0.74266,4.95715,7.26453,1.77538,12.16396,0.79652,11.12408,2.53381,4.82453,9.23279,3.08781,5.22785,4.80003,8.63440,3.71138,7.74300,8.83280,7.45347,7.27326,3.03460,7.65408,8.92000,6.99585,8.86428,5.15627,6.66925,6.68118,8.03187,6.98984,6.92344,4.22104,9.50556,6.01606,6.80957,6.49715,11.78920,8.27548,9.13793,10.10141,4.64867,10.02186,5.34888,15.54126,11.71588,4.34012,10.40034,5.81578,7.45887,7.55044,5.98838,6.66368,6.68798,8.98735,3.28176,13.20633,1.95773,6.63317,2.92305,7.04014,10.21698,4.85268,14.30470,11.00621,3.25367,9.70224,1.86807,13.58284,9.29182,5.24420,7.65286,2.36188,1.51035,11.44799,6.58322,3.81135,6.92402,1.36069,7.88901,12.27418,3.69253,3.69862,9.58961,5.18014,4.27588,9.06052,9.40235,2.83369,8.00274,9.55462,4.50380,9.59008,11.16343,1.17524,9.11633,6.18178,5.39991,7.56961,11.61875,9.86771,8.01354,8.13659,13.70339,10.11978,4.71870,9.03689,7.68252,6.84167,6.81488
2.19576,4.78018,4.43191,8.02049,2.15469,14.10357,8.34965,5.52857,15.79322,11.77339,2.56199,11.76570,10.95713,11.63237,8.97830,0.00000,6.09461,5.55472,7.77620,6.50697,7.10911,8.71433,9.37228,9.30748,10.51740,6.84562,7.20349,3.80646,9.77314,5.75562,6.58052,11.95354,7.49774,5.89210,6.80442,12.32584,8.71457,10.40300,2.29876,9.23746,1.92775,9.78075,7.06157,9.36075,1.00125,5.87888,9.20331,10.31913,11.78276,4.07655,10.84558,15.37959,11.25871,6.41515,11.07919,14.82453,15.62636,11.64665,6.37057,11.16404,3.60853,1.81728,8.33307,6.85755,14.07835,8.54613,11.14133,9.15677,7.41138,7.25881,2.60842,13.26343,13.78944,14.78030,14.87707,2.24705,12.17585,8.67151,9.73916,5.71726,11.78121,16.00754,4.38387,12.37920,7.60198,8.80414,11.75336,7.81376,9.62428,7.09175,15.10004,12.19704,7.94170,10.60879,9.75281,10.89766,7.27499,9.81868,14.61388,7.86429,16.80172,14.40553,12.66924,6.17292,1.50232,10.17795,6.27377,5.45906,3.10292,9.33967,16.78922,2.02132,11.73397,5.14091,3.30069,9.04877,2.68680,5.98976,13.44566,11.57040,7.67052,10.74127,16.82478,5.29886,7.08589,6.12184,5.37715,0.79415,4.48224,3.45404,2.19576
3.89888,2.81364,6.24902,4.08856,7.78665,10.88615,7.15163,6.24276,9.69892,9.98251,7.69096,5.67405,10.08404,9.85154,3.07597,6.09461,0.00000,5.49393,2.14568,4.34358,6.48699,6.83851,7.64663,3.25830,6.67258,6.58753,1.44199,9.10476,3.85687,8.18020,0.54289,7.28838,6.82117,0.81087,3.10148,7.43952,6.70443,4.62512,4.67530,7.04530,4.43266,6.13923,3.03062,6.21564,6.20665,4.37776,7.05707,6.69970,6.84084,3.66725,7.14668,9.33005,6.68059,1.90063,8.24293,8.73237,9.53381,6.67252,8.86609,7.45355,7.04501,7.06850,5.27558,8.81292,7.98376,12.52548,9.87401,5.53697,9.29771,5.59170,4.38529,8.14258,7.86362,8.78749,8.86746,6.54486,6.35724,10.47321,3.66355,3.98273,5.71254,9.97460,7.19200,7.49524,11.30146,10.24073,5.66147,8.89978,4.35078,10.58851,10.03161,6.47984,5.64204,5.19120,3.65851,9.59433,6.22435,5.57756,8.74209,1.80568,10.95080,11.43910,6.68016,2.85765,6.55906,5.09165,3.59877,6.22330,7.14119,4.69168,11.07857,6.49332,6.99145,6.67293,8.09126,2.95616,6.04050,3.63562,8.27062,7.21973,8.91646,8.36895,11.08943,6.71022,10.69904,7.30963,3.39070,6.05507,5.99871,3.77508,3.89888
4.68588,2.72742,1.70040,3.89902,7.67599,8.66556,11.68764,0.84217,13.45926,6.22461,8.11174,9.69298,5.55139,6.08305,8.26324,5.55472,5.49393,0.00000,7.60172,1.91537,1.57301,3.21030,3.82323,8.12728,12.09883,10.59023,6.90610,5.94472,8.93881,3.04883,5.97286,12.77705,1.97469,6.03534,3.31608,12.90303,3.24127,7.47197,3.35919,3.76738,4.01630,4.87450,8.30084,4.24959,6.42426,1.35326,3.72463,12.08228,7.51511,2.23379,5.80553,12.60926,6.75144,4.05940,5.65869,12.71334,13.45442,7.43043,3.63101,6.09224,8.76674,4.88669,10.42617,11.72915,11.91092,7.56787,5.64584,10.87566,12.29166,10.19173,3.15553,8.98880,10.69602,11.80749,11.95986,7.54534,11.37093,4.98154,7.81078,1.65449,10.18158,14.31467,2.73252,12.95839,6.30986,13.57134,9.68722,12.36126,9.80341,5.57483,10.61749,8.84189,2.70476,10.56823,8.12483,5.38977,10.59819,11.04079,11.30790,6.90834,15.70067,8.90784,11.36416,7.78307,4.62425,6.36107,8.36773,0.85638,8.42903,10.18062,16.01823,4.09904,12.47666,1.56703,4.81745,7.60344,3.16733,2.15100,13.64748,6.84510,3.42416,5.23179,15.99937,9.74857,5.73332,1.85836,7.71050,4.86314,8.84198,2.67762,4.68588
5.64024,4.95403,8.39349,5.53726,9.17652,11.96040,6.28420,8.36904,8.32184,11.56320,8.92718,4.48887,11.86958,11.44101,1.27005,7.77620,2.14568,7.60172,0.00000,6.28416,8.48700,8.58934,9.37385,1.84904,4.81101,6.21013,0.70380,11.06927,2.03271,10.32585,1.63313,5.18325,8.79464,1.93141,4.86141,5.30421,8.43430,4.47475,6.68411,8.70144,6.33351,7.39700,1.96397,7.65835,7.67745,6.42099,8.72426,4.91647,7.28006,5.81002,8.27208,8.22796,7.38822,3.71630,9.61337,7.28611,8.07948,7.10501,11.01107,8.54528,7.87463,8.97801,3.94203,8.88067,6.61555,14.65861,11.58556,3.88610,9.28377,4.85057,6.42211,8.32549,7.12332,7.86132,7.89678,7.71946,4.40467,12.58263,2.87686,6.03539,4.19281,8.28165,9.32571,5.35976,13.43942,9.97289,4.47336,8.64868,2.20804,12.72903,10.13830,6.18126,7.40067,3.05563,2.56361,11.31025,5.59956,3.66123,8.05477,1.11359,9.03370,12.58455,4.92820,2.49151,8.46592,5.64573,3.13113,8.35221,8.13301,2.70042,9.07529,8.47209,4.87881,8.81649,10.10449,1.96865,8.10205,5.63635,6.12784,8.00862,11.01373,9.87812,9.09879,6.94118,12.83700,9.43429,3.48475,7.87864,6.44826,5.88371,5.64024
5.02359,2.16870,3.51807,1.99024,8.65773,7.67876,11.19095,2.73640,11.56080,5.92300,8.95512,7.85107,5.78460,5.78345,6.74250,6.50697,4.34358,1.91537,6.28416,0.00000,2.22157,2.65243,3.45766,6.50038,11.00228,10.30796,5.62737,7.66388,7.35059,4.94775,4.72774,11.44350,2.51132,5.04201,1.54050,11.50244,2.56445,5.57320,4.21189,3.01931,4.66774,3.30176,7.34984,2.85601,7.21449,0.69180,3.00811,11.04086,5.70505,2.46210,4.34684,10.69538,5.00387,2.56971,4.68607,10.83506,11.56694,5.60647,5.49363,4.66222,9.23090,6.29575,9.57544,11.89280,10.03335,9.45403,5.64593,9.88001,12.44022,9.63869,3.89947,7.19816,8.78079,9.89212,10.04463,8.17110,9.70264,6.52830,6.04037,0.79564,8.39889,12.46625,4.59581,11.55667,8.19836,13.61805,7.84625,12.33524,8.42482,7.46528,8.90432,6.92850,1.56078,9.09681,6.40007,5.36631,10.15740,9.88761,9.39911,5.43064,13.91537,8.05767,9.60516,7.01223,5.93228,4.45885,7.68941,2.76139,9.01634,8.96377,14.27982,5.49871,11.13191,3.48201,6.51848,5.94458,4.60930,0.76330,12.13733,5.19299,4.93598,4.51696,14.25250,9.80720,7.62979,3.64191,7.19301,5.95346,8.93011,3.09248,5.02359
6.22953,3.93715,2.94650,3.80932,9.21387,7.27108,13.05885,1.73354,13.42771,4.66449,9.66982,9.89331,4.00413,4.52365,8.96327,7.10911,6.48699,1.57301,8.48700,2.22157,0.00000,1.86258,2.32879,8.70639,13.15948,12.03216,7.81910,7.08627,9.56292,3.47855,6.90515,13.65712,0.40619,7.13170,3.74526,13.72258,1.95661,7.49915,4.93205,2.44769,5.58637,4.06486,9.43947,3.32650,7.99200,2.12502,2.39260,13.17927,6.91497,3.68743,4.81452,12.44740,6.06259,4.78242,4.32884,12.77903,13.47800,6.86307,3.82719,5.06014,10.33720,6.31222,11.63035,13.27520,11.98415,7.73898,4.07390,11.99824,13.83638,11.53512,4.72592,8.31299,10.47693,11.59516,11.76360,9.11823,11.88575,4.39324,8.17989,2.52313,10.51188,14.47143,3.75626,13.77689,6.51880,15.10118,9.89007,13.87469,10.64121,5.81469,9.78303,8.60152,1.91630,11.31834,8.56795,3.81689,11.98671,12.05990,10.98188,7.65156,16.00554,7.45434,11.73369,9.01482,6.10032,6.08492,9.64746,1.80193,10.00203,11.15129,16.41184,5.54775,13.34673,2.46239,6.01389,8.14350,4.62530,2.85742,14.35586,6.01543,2.82408,3.79850,16.37788,11.27263,6.00470,2.01043,9.05445,6.39923,10.36866,4.19799,6.22953
7.53180,4.80740,4.77024,3.19110,10.85533,5.45922,13.82200,3.57341,12.32213,3.27421,11.25193,9.10531,3.28054,3.13386,8.80439,8.71433,6.83851,3.21030,8.58934,2.65243,1.86258,0.00000,0.81295,8.40638,13.38986,12.96007,7.98838,8.94685,9.28633,5.27272,7.14937,13.61902,1.64062,7.58813,3.75676,13.60087,0.19267,6.61324,6.45057,0.58512,7.03052,2.53202,9.86913,1.75753,9.53427,3.02835,0.53085,13.46482,5.41708,4.91149,3.06748,11.22856,4.51740,4.95462,2.47591,11.78208,12.42723,5.39685,5.53017,3.27834,11.73068,8.08682,12.11306,14.49961,11.00885,9.30982,3.03627,12.34365,15.05163,12.26460,6.19200,6.71569,9.23724,10.34151,10.52245,10.58987,11.41099,5.54507,7.65034,3.34711,9.85337,13.54567,5.61777,13.65289,8.13636,16.25057,9.10500,14.97604,10.60807,7.46545,8.05670,7.38856,1.19801,11.15197,8.10875,2.75630,12.79887,12.24799,9.63313,7.60738,15.22221,5.70170,11.09051,9.60323,7.83445,4.95300,10.29902,3.63907,11.45944,11.28881,15.72426,7.30473,13.29995,4.32286,7.86720,7.82074,6.37355,3.41335,14.07782,4.35256,4.15592,2.02814,15.67339,12.43031,7.66571,3.81912,9.83412,8.05220,11.54458,5.50939,7.53180
8.27897,5.60266,5.27294,3.91961,11.49902,4.96648,14.63423,4.05773,12.76833,2.48913,11.92336,9.69627,2.51329,2.34733,9.55199,9.37228,7.64663,3.82323,9.37385,3.45766,2.32879,0.81295,0.00000,9.13014,14.17938,13.76512,8.78134,9.35179,10.01036,5.50885,7.95064,14.37329,2.00071,8.39916,4.55838,14.34112,0.94402,7.19431,7.13574,0.77507,7.74111,2.91150,10.67708,2.18719,10.21912,3.79934,0.72484,14.25954,5.70402,5.66067,3.17845,11.62453,4.78982,5.75880,2.14442,12.27878,12.89780,5.70760,5.66834,3.32061,12.46488,8.64026,12.92190,15.27205,11.51848,9.28857,2.22764,13.14429,15.82598,13.07715,6.89270,6.89730,9.63570,10.72437,10.91086,11.30039,12.08155,5.34315,8.32779,4.13306,10.48056,14.06381,6.02892,14.39263,8.16261,17.03549,9.69694,15.76639,11.36949,7.52657,8.08546,7.81941,2.00466,11.89002,8.79991,1.94834,13.60957,13.03450,9.96650,8.37759,15.78778,5.12630,11.71599,10.41592,8.41988,5.46467,11.11197,4.12702,12.17549,12.07121,16.32052,7.87262,14.05339,4.75140,8.30678,8.54342,6.94710,4.22009,14.78656,4.51848,4.10546,1.49568,16.26433,13.21142,7.73291,4.10956,10.64475,8.68635,12.32211,6.24554,8.27897
7.12016,5.74673,9.21203,5.21622,10.86127,10.96689,7.88183,8.95086,6.55751,11.07619,10.66461,2.64619,11.63923,10.96711,0.74266,9.30748,3.25830,8.12728,1.84904,6.50038,8.70639,8.40638,9.13014,0.00000,5.62527,7.97649,2.17480,12.34931,0.88029,11.06090,2.73974,5.32362,8.95166,3.44332,4.96296,5.22892,8.23019,2.98969,7.91651,8.39311,7.69063,6.73090,3.72974,7.16059,9.32008,6.82006,8.42855,5.84363,5.96565,6.71062,7.43731,6.39032,6.25842,4.07009,8.95486,5.54855,6.34957,5.79493,11.70824,7.66854,9.69568,10.32596,5.39121,10.70492,4.83900,15.52545,11.25983,5.06734,11.09432,6.54393,7.61449,6.81539,5.29192,6.01234,6.04816,9.46825,3.24919,13.01515,1.22392,6.47715,2.47509,6.71798,10.22897,5.27892,14.27881,11.72595,2.63094,10.41635,2.48990,13.55047,8.55009,4.50179,7.28468,2.78258,0.76918,10.99657,7.30947,4.49414,6.22620,1.45348,7.74197,11.63963,3.42998,4.33690,9.81695,4.52819,4.95095,8.94829,9.92787,3.53080,7.94731,9.73864,5.00213,9.51876,11.31621,0.58684,9.23820,6.00116,5.68179,6.90921,11.42268,9.35633,7.94303,8.78669,13.68030,9.98444,5.33339,9.30720,8.29588,6.93656,7.12016
8.85277,9.37187,12.56258,10.34470,11.07835,16.56871,3.97048,12.79103,9.69889,16.36905,10.52943,7.27801,16.66769,16.24800,4.95715,10.51740,6.67258,12.09883,4.81101,11.00228,13.15948,13.38986,14.17938,5.62527,0.00000,5.14414,5.40359,14.26981,4.91877,14.51817,6.27663,1.97592,13.49248,6.06428,9.64362,2.57613,13.23801,8.59116,10.33348,13.51206,9.75692,12.15053,3.83506,12.45412,9.98296,11.04621,13.53444,0.40059,11.58234,10.04654,12.96283,10.29190,11.87744,8.46643,14.38011,8.67817,9.28459,11.41312,15.22713,13.21578,8.82588,12.14945,2.23183,7.95878,8.37344,18.54257,16.39470,1.36229,8.09179,3.74984,10.17507,12.32746,10.05558,10.34498,10.28790,9.40962,4.99199,17.03635,6.82349,10.64955,6.39054,8.66381,13.33624,2.60590,17.39666,8.07404,7.26254,7.05594,3.14593,16.73221,13.94362,9.87494,12.19675,3.30951,6.30742,16.11884,4.26942,1.16060,10.93841,5.86070,8.26923,17.22744,6.10307,4.54198,11.67346,10.13680,4.25925,12.76179,9.36264,2.14935,7.77713,11.88228,1.98197,13.10186,13.52155,6.13090,11.80740,10.30707,3.86730,12.52528,15.51508,14.67669,7.88224,6.91802,16.80505,13.85095,5.15257,10.93348,7.04824,9.91782,8.85277
6.09718,8.17833,10.33815,10.61446,6.62246,17.45286,1.59689,11.02395,13.87558,16.22500,5.93592,10.48604,15.99268,16.08652,7.26453,6.84562,6.58753,10.59023,6.21013,10.30796,12.03216,12.96007,13.76512,7.97649,5.14414,0.00000,6.26578,10.58687,7.77694,12.12085,6.58335,7.08083,12.42914,5.78281,9.48137,7.64751,12.86533,10.65127,7.71820,13.29008,6.99301,12.69068,4.25477,12.68172,6.00840,10.02571,13.28742,4.78687,13.29158,8.36341,13.72080,14.09802,13.22959,8.36163,14.71053,12.80690,13.53326,13.11811,12.81078,14.03160,4.05418,8.65994,3.21027,2.92644,12.28957,15.38818,15.93020,4.12332,3.20089,1.56871,7.73157,14.45997,13.25146,13.87744,13.88228,5.03930,9.20419,14.97629,9.08430,9.65959,9.91369,13.25431,10.76011,7.68560,14.40890,3.76366,10.46965,2.44064,6.41830,13.85409,16.30660,12.39060,11.82293,7.23726,8.73355,15.65275,0.88044,5.15235,14.18718,7.17665,13.21974,17.98246,10.16701,3.85438,8.28927,11.56790,3.12196,10.97133,4.68190,5.40802,12.83078,8.69578,7.01374,11.02080,10.14227,8.17763,8.99822,9.54681,8.94805,13.79048,13.67468,14.72821,12.92311,1.92409,13.86939,11.95658,3.21146,7.50475,2.43895,7.93562,6.09718
5.04027,4.25084,7.69042,5.00035,8.69427,11.56672,6.51314,7.66922,8.73151,11.01714,8.48985,4.79609,11.26473,10.89215,1.77538,7.20349,1.44199,6.90610,0.70380,5.62737,7.81910,7.98838,8.78134,2.17480,5.40359,6.26578,0.00000,10.42099,2.57134,9.62208,0.93341,5.87249,8.13405,1.31246,4.24008,6.00476,7.83866,4.40100,6.01815,8.12697,5.69526,6.92879,2.15155,7.13925,7.16461,5.73982,8.14678,5.47856,7.05784,5.10746,7.84799,8.53702,7.08336,3.06979,9.12355,7.71706,8.51677,6.88318,10.30730,8.13273,7.55464,8.34347,4.31591,8.81107,7.01357,13.95964,11.00159,4.38726,9.24361,5.01478,5.74829,8.19437,7.29560,8.10513,8.15674,7.29376,5.02338,11.88760,2.98184,5.35147,4.62963,8.80884,8.62627,6.06038,12.73877,10.02098,4.78148,8.68355,2.91090,12.02747,10.04307,6.18942,6.79399,3.75375,2.78232,10.72459,5.73368,4.27051,8.21537,0.93233,9.64721,12.17077,5.46593,2.42568,7.83129,5.36714,3.14390,7.65178,7.76515,3.33643,9.72191,7.81709,5.57077,8.11292,9.44111,2.10152,7.42330,4.96355,6.82988,7.68390,10.32166,9.34887,9.74055,6.80192,12.13634,8.73500,3.31397,7.26621,6.23304,5.19049,5.04027
5.52414,6.86990,4.24809,9.59166,4.43211,14.31700,12.12265,5.38684,18.55349,11.35706,5.20387,14.55434,10.09215,11.23028,12.16396,3.80646,9.10476,5.94472,11.06927,7.66388,7.08627,8.94685,9.35179,12.34931,14.26981,10.58687,10.42099,0.00000,12.95397,4.08521,9.64046,15.61466,7.36179,9.13808,8.62627,15.94673,9.02781,12.75114,4.43279,9.53139,4.73992,10.81717,10.68065,10.18955,4.57855,6.97665,9.47758,14.08851,13.36862,5.88785,11.74365,17.92721,12.65372,8.73980,11.41428,17.66622,18.45529,13.26785,4.34394,12.02398,6.93055,2.13437,12.11098,10.13459,16.88222,4.98987,10.49415,12.90755,10.64870,11.06495,4.73981,14.86187,16.14341,17.21516,17.34235,5.64844,15.44021,6.48354,12.51368,7.03858,14.75959,19.03701,3.33046,16.00129,4.29937,12.05979,14.54441,11.25204,13.09558,4.02043,16.54252,14.37439,8.64391,14.05244,12.64802,10.31333,11.06284,13.51168,16.86447,10.90481,20.05172,14.42899,15.77877,9.82611,2.63411,12.02921,10.01115,5.32485,6.29960,12.95335,20.14175,2.61151,15.37718,4.62410,1.14645,11.98018,3.21746,7.49708,17.00492,12.78237,6.14716,10.84663,20.16149,8.90947,3.92980,5.27872,9.11727,3.33911,8.17011,5.49131,5.52414
7.61127,6.48634,9.96455,6.09640,11.20900,11.75527,7.51259,9.75486,6.33204,11.94502,10.95642,2.71350,12.51922,11.83707,0.79652,9.77314,3.85687,8.93881,2.03271,7.35059,9.56292,9.28633,10.01036,0.88029,4.91877,7.77694,2.57134,12.95397,0.00000,11.83859,3.31668,4.47154,9.81472,3.88379,5.81766,4.35588,9.11033,3.68439,8.52965,9.27274,8.24787,7.59171,3.62732,8.03416,9.70478,7.64703,9.30838,5.17008,6.67906,7.42920,8.27210,6.35676,7.03361,4.88044,9.81017,5.28297,6.06956,6.51212,12.49568,8.49479,9.85526,10.89542,4.96848,10.59315,4.64605,16.27784,12.13766,4.51600,10.94843,6.27836,8.24212,7.41843,5.51753,6.10050,6.10736,9.74701,2.50559,13.85226,1.93575,7.29546,2.21062,6.25265,10.96201,4.40529,15.03683,11.48242,2.69704,10.19998,1.78182,14.31202,9.08286,5.00465,8.16228,1.91852,1.40659,11.87491,7.04934,3.82599,6.44945,2.09503,7.09776,12.43805,2.90134,4.36750,10.38376,5.32602,4.88839,9.74955,10.13965,2.91276,7.23025,10.34374,4.15094,10.29982,11.94792,1.46694,9.89353,6.82884,4.80747,7.68797,12.26095,10.22454,7.23708,8.76573,14.43646,10.79717,5.40365,9.83326,8.35606,7.61027,7.61127
6.05156,5.38276,1.95807,6.90398,7.47513,10.41137,13.44131,2.21268,16.50567,7.31679,8.12357,12.73401,6.00764,7.19475,11.12408,5.75562,8.18020,3.04883,10.32585,4.94775,3.47855,5.27272,5.50885,11.06090,14.51817,12.12085,9.62208,4.08521,11.83859,0.00000,8.70068,15.42078,3.63282,8.57235,6.35879,15.60825,5.39663,10.51769,4.41983,5.84568,5.13314,7.52953,10.68474,6.80229,6.75674,4.39880,5.78436,14.44472,10.34005,4.53010,8.28979,15.63707,9.51149,7.00409,7.64329,15.76191,16.50315,10.27560,0.71170,8.52834,9.36016,4.24159,12.63022,12.58844,14.95947,4.52110,6.42474,13.21864,13.14735,12.07195,4.46651,11.76641,13.70709,14.82246,14.97909,8.00218,14.30966,2.92032,10.82629,4.66765,13.19612,17.35551,1.38570,15.66411,3.26274,14.52607,12.72794,13.46710,12.52961,2.52732,13.26142,11.84196,5.33630,13.36106,11.11601,6.25507,12.32663,13.53811,14.28607,9.76391,18.70794,10.45812,14.36265,10.01742,4.31448,9.33746,10.47555,2.19268,8.85440,12.75660,18.99343,3.74572,15.13463,1.54322,3.25634,10.56145,3.16288,5.17652,16.44547,9.49058,2.09859,6.99001,18.98063,10.87035,2.68457,1.46813,9.68684,4.96354,9.98682,4.60040,6.05156
4.38779,3.32312,6.77607,4.26563,8.21728,10.98022,7.02793,6.73633,9.22466,10.23830,8.08757,5.21186,10.41526,10.11015,2.53381,6.58052,0.54289,5.97286,1.63313,4.72774,6.90515,7.14937,7.95064,2.73974,6.27663,6.58335,0.93341,9.64046,3.31668,8.70068,0.00000,6.80494,7.22699,0.89902,3.39272,6.93706,7.00662,4.34323,5.21334,7.32045,4.95482,6.26953,2.77176,6.40953,6.64889,4.81532,7.33642,6.32730,6.73417,4.19812,7.24102,8.89987,6.64645,2.19811,8.42192,8.24562,9.04767,6.56256,9.38299,7.53918,7.34397,7.59602,5.01265,8.93723,7.50626,13.06050,10.17687,5.19429,9.40433,5.48323,4.92584,7.97960,7.49372,8.38688,8.45903,6.92205,5.81541,10.95439,3.23377,4.42498,5.20571,9.45750,7.72754,6.99264,11.83415,10.28829,5.19874,8.94506,3.84094,11.11948,9.85954,6.19068,5.95158,4.66250,3.18268,9.89832,6.15349,5.16020,8.38716,1.28749,10.41261,11.55622,6.15205,2.76102,7.08568,4.99609,3.51255,6.71924,7.47917,4.24668,10.53611,7.02936,6.50384,7.18661,8.63133,2.47498,6.58307,4.04776,7.74529,7.21311,9.38934,8.59557,10.54735,6.86003,11.23180,7.80191,3.44239,6.56750,6.19587,4.31716,4.38779
10.10476,10.09698,13.46830,10.45795,12.73175,16.18189,5.94639,13.53104,8.05632,16.39235,12.23438,6.27402,16.88633,16.28126,4.82453,11.95354,7.28838,12.77705,5.18325,11.44350,13.65712,13.61902,14.37329,5.32362,1.97592,7.08083,5.87249,15.61466,4.47154,15.42078,6.80494,0.00000,13.95401,6.84951,9.97448,0.61375,13.45149,8.06120,11.46134,13.65705,10.95930,12.05443,4.93664,12.46858,11.52293,11.60349,13.68818,2.36871,11.02325,10.89151,12.74250,8.81275,11.45809,8.87523,14.27794,7.08836,7.61698,10.86404,16.11791,12.96167,10.61225,13.48038,3.99761,9.92524,6.90744,19.63239,16.54036,3.04124,10.06638,5.62344,11.25762,11.55095,8.88222,8.99654,8.91141,11.07473,3.58907,17.75846,6.37982,11.21857,5.29058,6.84441,14.33438,0.63602,18.44441,10.03572,6.26048,9.03161,3.02265,17.75283,13.01329,9.03869,12.45610,2.55649,5.84937,16.27251,6.20115,2.15927,9.70484,6.03390,6.31052,16.87643,4.68915,5.79267,12.98554,9.77934,5.71801,13.51109,11.11385,2.69099,5.80128,13.12590,0.32169,13.93919,14.78161,5.89997,12.93371,10.81442,1.89143,12.11370,16.19413,14.67409,5.90702,8.79505,17.84467,14.59798,6.60291,12.28352,8.84185,10.86858,10.10476
6.63572,4.31612,3.28188,3.95466,9.59505,6.96429,13.44570,2.06666,13.51655,4.28018,10.05932,10.04894,3.59843,4.14006,9.23279,7.49774,6.82117,1.97469,8.79464,2.51132,0.40619,1.64062,2.00071,8.95166,13.49248,12.42914,8.13405,7.36179,9.81472,3.63282,7.22699,13.95401,0.00000,7.48102,4.00518,14.00694,1.76534,7.62513,5.33227,2.21791,5.99004,3.99819,9.79113,3.23817,8.38705,2.48536,2.15812,13.51910,6.87774,4.09039,4.67402,12.50529,6.00630,5.08103,4.06304,12.89357,13.58055,6.83579,3.91481,4.90231,10.74081,6.66235,11.99083,13.68138,12.10252,7.76725,3.67116,12.34390,14.24254,11.91839,5.12941,8.24474,10.52587,11.64225,11.81440,9.51826,12.10774,4.25578,8.38179,2.88155,10.69576,14.60481,4.03394,14.06097,6.56650,15.50677,10.04631,14.27918,10.93427,5.87769,9.66096,8.65301,1.94776,11.59214,8.78444,3.41595,12.37647,12.38619,11.00078,7.93470,16.17202,7.12235,11.92319,9.38262,6.46464,6.14557,10.02219,2.13686,10.40259,11.46955,16.59863,5.90595,13.64196,2.75150,6.30801,8.38284,4.98874,3.18560,14.61591,5.91583,2.72723,3.48938,16.56119,11.67799,6.07352,2.17915,9.43936,6.78142,10.77421,4.60390,6.63572
3.72842,3.30982,6.61885,4.89565,7.42359,11.69694,6.34558,6.74112,9.99129,10.75928,7.25612,6.00947,10.81296,10.62706,3.08781,5.89210,0.81087,6.03534,1.93141,5.04201,7.13170,7.58813,8.39916,3.44332,6.06428,5.78281,1.31246,9.13808,3.88379,8.57235,0.89902,6.84951,7.48102,0.00000,3.87757,7.05799,7.46002,5.24210,4.76342,7.81581,4.40224,6.94965,2.31109,7.01729,5.87687,5.00785,7.82533,6.05890,7.59394,4.04565,7.95728,9.72684,7.46563,2.68594,9.04649,8.99069,9.79212,7.42372,9.27137,8.26378,6.45504,7.04765,4.53498,8.06081,8.27109,12.81758,10.62413,4.86779,8.53563,4.78423,4.51194,8.86229,8.36784,9.24078,9.30671,6.07618,6.32425,10.98758,4.07965,4.60964,5.91546,10.11711,7.49793,7.11387,11.61416,9.45216,5.99564,8.10989,4.03089,10.91494,10.74562,7.08867,6.39574,4.94714,3.97508,10.34401,5.41352,5.01136,9.26756,2.04469,10.95167,12.24963,6.77722,2.05350,6.53548,5.84868,2.79048,6.71498,6.60628,4.18778,11.00638,6.54286,6.56630,7.10193,8.17929,3.26921,6.19721,4.30901,7.98146,8.01394,9.45480,9.15913,11.02907,5.97357,11.01279,7.80558,2.59703,5.95802,5.29881,4.03248,3.72842
4.94573,2.02477,4.72775,1.26776,8.88702,8.03521,10.19748,4.15819,10.18132,6.88270,9.05661,6.37698,7.02692,6.75111,5.22785,6.80442,3.10148,3.31608,4.86141,1.54050,3.74526,3.75676,4.55838,4.96296,9.64362,9.48137,4.24008,8.62627,5.81766,6.35879,3.39272,9.97448,4.00518,3.87757,0.00000,10.00932,3.61441,4.21497,4.63261,3.94388,4.87776,3.29628,6.12673,3.20139,7.34052,1.96284,3.95612,9.71111,4.98188,2.84147,4.37636,9.39974,4.47102,1.20297,5.22918,9.40931,10.15892,4.84976,6.94601,4.70037,9.00953,6.99156,8.37386,11.36965,8.60696,10.87989,6.78530,8.58695,11.89614,8.63339,4.28537,6.47040,7.54748,8.63934,8.77864,8.11914,8.16232,8.06799,4.51625,1.70870,6.88250,10.99873,5.81562,10.06303,9.62153,12.97958,6.37118,11.66069,6.95182,8.88610,8.29605,5.75102,2.55921,7.58803,4.86361,6.50645,9.22033,8.50842,8.24215,3.94209,12.40266,8.52512,8.08003,5.92297,6.55899,3.44619,6.64424,4.17089,8.90234,7.56033,12.75047,6.22776,9.65969,4.83989,7.48759,4.40473,5.43293,1.19802,10.61297,4.83943,6.47536,5.28856,12.72545,9.24809,9.04036,5.12946,6.28279,6.39793,8.41931,3.40347,4.94573
10.42524,10.25306,13.66329,10.42153,13.17672,15.96543,6.54455,13.67325,7.49839,16.30056,12.69900,5.92651,16.85360,16.19287,4.80003,12.32584,7.43952,12.90303,5.30421,11.50244,13.72258,13.60087,14.34112,5.22892,2.57613,7.64751,6.00476,15.94673,4.35588,15.60825,6.93706,0.61375,14.00694,7.05799,10.00932,0.00000,13.42920,7.84500,11.73558,13.61259,11.25964,11.94302,5.27269,12.38922,11.93143,11.69764,13.64631,2.97229,10.77465,11.07965,12.58927,8.29764,11.25012,8.94404,14.15459,6.54819,7.05358,10.61944,16.29962,12.79705,11.11033,13.81306,4.52387,10.50805,6.40490,19.87161,16.48597,3.56793,10.65857,6.16840,11.51844,11.23314,8.45740,8.51861,8.42560,11.52764,3.15338,17.88195,6.21513,11.31867,4.92638,6.24588,14.55590,0.05590,18.67186,10.64435,5.91379,9.63063,3.09967,17.97276,12.64373,8.71706,12.45281,2.45159,5.69054,16.22138,6.76709,2.62299,9.25784,6.07238,5.69949,16.66895,4.22551,6.15298,13.31348,9.60156,6.13800,13.65630,11.59774,2.99413,5.20574,13.43094,0.64046,14.11066,15.08726,5.81388,13.20135,10.89790,1.30145,11.90469,16.30798,14.57994,5.30829,9.33228,18.07063,14.73842,7.01029,12.62625,9.34676,11.08996,10.42524
