0.00000,86.88385,19.83408,83.73444,42.12257,73.49829,3.66828,32.59764,52.10029,37.23070,87.41081,9.13417,61.86818,21.73771,26.26134,16.78262,21.36049,81.05634,71.28510,26.61481,3.01548,57.73730,22.74052,84.62240,24.98005,22.73439,72.06093,26.30994,87.99881,51.48600,45.22181,11.37723,49.39140,77.39894,13.38266,20.66159,79.82506,47.47210,61.95857,17.04056,67.65374,43.80258,67.53074,24.59334,23.27811,20.80831,11.17956,44.16467,23.91843,33.76079,9.49368,21.67083,82.14968,25.69351,67.86199,23.74684,40.11702,14.01272,17.78781,40.15279,22.18338,18.70271,12.22122,18.83249,34.93440,52.11191,75.75411,45.75001,8.30079,77.29094,22.78394,31.57762,15.50746,1.85068,65.50383,7.42378,85.02533,84.77074,21.80535,37.83120,26.01376,75.10609,4.67340,20.70165,83.53362,67.22256,67.49281,12.29075,25.95790,45.80640,65.23782,71.83706,59.80929,73.96152,18.19430,84.64915,32.30175,13.83079,22.81991,87.40411,0.00000
86.88385,0.00000,103.17028,3.66137,49.61871,20.95367,85.01344,57.67463,35.61495,51.38911,2.10193,83.50372,25.49256,76.25025,75.48911,86.05356,67.82434,43.65216,42.85073,74.97708,86.88047,47.75423,80.92520,42.46699,61.90388,95.73915,16.46641,86.68239,39.46464,39.55363,41.92765,84.82229,53.32571,22.69748,74.46452,88.87738,18.23193,58.87382,41.86957,70.15558,20.88435,48.49549,42.59085,75.77040,63.92984,103.06301,93.09325,50.87668,70.62528,58.89111,94.67351,74.61381,26.12017,61.35290,28.09000,75.38434,46.89043,82.03385,90.31537,51.94644,82.74219,75.25412,79.20164,81.70582,52.91468,36.29457,14.28658,61.19793,95.17963,14.97625,83.52970,72.14706,85.44452,86.53477,21.73035,84.19956,16.65317,26.02530,93.17764,49.51569,85.65997,12.01148,85.89857,68.90726,13.73904,45.61798,23.40712,75.38377,83.64824,47.69961,32.14866,15.04697,32.94428,42.80979,86.51257,11.63105,54.72148,92.99390,64.62608,36.64077,86.88385
19.83408,103.17028,0.00000,99.81509,55.08387,87.58564,23.31637,45.96714,69.73687,55.83886,103.44728,28.27441,77.70967,28.74902,45.55099,18.50042,40.84657,90.30505,80.90446,45.95651,21.87384,67.33929,41.22048,94.15647,42.34243,13.25163,89.32290,43.07462,98.19751,65.25267,61.29501,29.68208,58.63079,90.77083,32.81404,36.64285,93.82154,55.06698,72.63259,35.74523,85.08356,56.59091,77.44795,30.49669,41.63546,1.93681,10.20162,55.74733,43.74043,53.35500,19.64677,29.94250,94.71318,43.68871,81.15905,43.18366,57.49058,32.94147,33.07118,59.45528,24.08071,38.43908,31.95209,37.38537,50.25563,67.17476,93.16213,52.78338,14.55185,92.09088,23.83928,37.03368,18.59377,21.28211,82.47150,26.61232,99.07827,97.32170,14.90977,55.70001,24.51224,91.77665,18.37883,40.30523,98.06350,76.42497,85.44191,31.70021,25.91000,58.18428,77.94963,88.25863,73.39753,83.47973,35.20988,99.45414,49.97155,27.15879,41.44516,98.11224,19.83408
83.73444,3.66137,99.81509,0.00000,46.05611,17.43705,81.93656,54.21082,32.87686,48.62783,3.67848,80.56077,22.10543,72.75026,73.03354,82.59850,64.94752,40.81287,39.55254,72.52957,83.79902,44.13579,78.38279,39.85283,58.76130,92.24127,14.58177,84.25107,37.13980,35.95519,38.65199,81.94847,49.66476,19.54891,71.44343,86.25754,15.23109,55.21309,38.28578,67.09380,18.74988,44.91136,39.15856,72.23151,60.89251,99.68051,89.76395,47.25241,67.98891,56.37127,91.64159,71.12652,23.47512,58.29119,24.49349,72.83170,43.86018,79.22086,87.60023,49.52096,79.21604,72.50622,76.29391,79.03971,49.56895,32.81600,13.21554,57.53656,92.03444,11.50614,79.99597,68.54110,82.00811,83.42602,19.02374,81.21540,14.46453,23.66280,89.67722,46.57162,82.09241,9.53185,82.65336,66.04624,11.25625,42.19153,21.77880,72.34470,80.08000,44.08497,28.54042,12.02833,29.28566,39.62203,83.83127,9.41040,51.67219,90.13519,61.62066,34.33043,83.73444
42.12257,49.61871,55.08387,46.05611,0.00000,32.51849,41.55870,9.53576,23.97157,23.51134,49.54029,42.44909,24.61332,26.94599,44.15886,37.08737,30.54128,40.11546,30.40142,43.89443,43.21438,18.07436,47.09810,43.35858,20.59323,46.37284,38.61815,53.83609,46.27233,10.28014,12.59437,44.80852,12.79854,35.76920,33.11731,52.65587,38.73836,16.01125,20.57251,28.71422,35.35004,1.70770,26.55265,26.21198,24.37491,54.68004,45.47904,4.54010,37.20031,31.52271,51.30658,25.44029,40.13746,22.03828,26.14480,42.39326,16.99356,43.39203,52.37304,29.89612,33.23501,38.81515,39.26622,45.64406,9.77590,13.71935,42.57159,16.94587,50.07131,37.24528,33.98531,22.76215,36.67752,42.44871,31.59384,42.37299,43.99484,42.76289,43.80104,19.21902,36.04154,39.38360,39.69391,31.67177,43.05917,27.04526,37.62633,33.57370,34.03011,3.92659,23.20436,35.55225,18.31367,33.05001,49.55190,44.54742,18.53662,52.47811,25.55800,45.46785,42.12257
73.49829,20.95367,87.58564,17.43705,32.51849,0.00000,72.31826,41.69797,28.92613,42.73296,19.95590,72.00092,14.77026,59.37084,68.04787,69.58016,57.33596,25.67942,22.50469,67.61218,74.10816,27.02268,72.67338,25.89964,49.26603,78.65449,21.27689,79.10703,24.94069,22.34617,29.20617,73.86669,33.36353,5.42776,62.51521,79.84316,6.32678,38.83005,20.99025,57.97199,22.43418,31.06374,21.78091,58.38356,52.19082,87.19817,77.88463,32.53798,61.97926,51.67118,82.19813,57.92142,11.79165,49.49935,7.40055,67.21927,36.22266,71.64104,80.51435,45.88080,65.43564,65.57267,68.09924,72.48681,38.57617,21.58601,23.33586,41.26815,81.69683,5.99568,66.11378,53.77281,69.19318,73.52500,19.28421,72.33062,11.55014,13.82000,76.08578,39.42611,67.75223,17.21977,71.62884,58.51180,10.65012,24.81746,26.83371,63.24987,65.75037,29.68717,11.46909,14.81924,14.23747,22.96700,77.05789,12.40363,43.31935,81.99637,53.14623,22.52271,73.49829
3.66828,85.01344,23.31637,81.93656,41.55870,72.31826,0.00000,32.12495,49.91401,34.73019,85.61502,5.51345,60.24093,23.39061,22.59598,19.73100,18.46891,81.02228,71.23063,22.95252,1.87500,57.80734,19.12753,84.50543,23.26995,26.28709,69.92016,22.96526,87.71502,50.56417,43.65566,7.95692,49.65147,76.39110,10.73886,17.59893,78.63883,48.12697,61.73460,14.86264,65.46998,43.25865,67.43673,26.29584,21.11346,24.36726,14.84743,43.93758,20.44340,30.68030,9.88035,23.05171,81.32676,23.66141,66.92930,20.09120,38.13129,10.38196,15.02664,37.25379,24.71237,15.12985,8.63948,15.22880,33.77989,50.80089,73.55087,46.55336,10.60463,75.89355,25.39834,33.05817,18.39266,2.03501,63.48970,3.82900,83.80180,83.93884,25.25001,35.66562,28.80422,73.15228,7.70572,17.70383,82.18578,67.29343,65.11894,9.72400,28.56582,45.34275,64.47787,69.97600,58.85754,73.91120,14.93457,83.22040,30.29547,12.03965,20.51208,87.00562,3.66828
32.59764,57.67463,45.96714,54.21082,9.53576,41.69797,32.12495,0.00000,27.69622,21.15233,57.79041,33.31859,32.22177,18.67266,37.08056,28.38882,22.94418,49.09425,39.30987,36.89676,33.74960,26.22829,39.25876,52.48181,12.87743,38.11091,45.20001,45.93020,55.59670,19.35725,16.87931,35.79951,18.94949,45.17779,24.20260,44.12811,47.97766,19.62373,29.66675,20.00427,41.42400,11.20661,35.48077,18.62086,16.75800,45.67609,36.18855,11.97584,30.11088,27.13389,41.82214,16.97811,49.65855,14.95660,35.56447,35.01616,17.02860,34.67265,43.54897,27.70546,25.33301,30.79497,30.42315,37.37695,6.66380,21.39655,49.16549,19.27941,40.53616,46.12430,26.19395,17.39713,27.82683,32.95734,38.12152,33.12659,53.23101,52.28363,35.56129,17.69029,28.81264,46.77907,30.17765,23.97443,52.11361,35.60313,42.92559,24.54142,26.85854,13.22847,32.72485,43.06937,27.61797,41.98550,40.97159,53.48715,14.22157,43.26752,17.95420,54.88650,32.59764
52.10029,35.61495,69.73687,32.87686,23.97157,28.92613,49.91401,27.69622,0.00000,15.77429,36.50104,48.02865,14.15638,45.61387,40.40812,54.21396,32.27276,49.85661,42.17511,39.92308,51.78901,35.70338,45.59995,51.63139,27.44057,64.38275,20.01081,51.63474,52.27505,19.49218,11.45385,49.24803,34.94347,34.26220,39.22270,53.39846,34.35725,39.40312,33.76889,35.10271,15.55976,24.03565,39.04521,46.06632,28.84025,69.91838,59.53533,27.83489,35.12916,23.70258,59.38418,43.79838,40.53974,26.41620,27.61875,40.04523,12.25490,46.42268,54.72776,17.24429,52.38610,39.64632,43.67476,46.16496,21.29919,13.94948,23.65473,40.71082,60.32050,29.89039,53.31815,44.91743,53.33177,51.55873,13.88797,48.81166,38.69452,42.71939,61.93418,14.27027,56.24861,23.60600,51.72582,33.33504,36.11338,41.18210,15.76739,40.19895,54.34695,25.00211,28.17341,20.90804,22.18689,44.16889,50.95447,36.42878,19.86668,57.40271,29.40213,50.29827,52.10029
37.23070,51.38911,55.83886,48.62783,23.51134,42.73296,34.73019,21.15233,15.77429,0.00000,52.26265,32.42816,28.51721,35.24579,25.32194,42.14773,16.62688,59.66450,50.69411,24.88133,36.59591,40.56357,30.15288,62.16814,14.19333,52.32325,35.60492,36.43975,63.79593,25.86379,14.93025,33.52680,36.30934,47.74438,23.99423,37.75429,48.67551,39.00837,41.04400,20.24915,31.08361,24.61967,47.03835,36.53495,14.20345,56.25507,45.72092,28.04043,19.53039,9.18167,43.94047,33.42409,53.70107,12.30980,39.56141,24.62707,7.37212,30.65544,38.97636,6.59593,41.75419,23.87878,28.02277,30.46904,15.07987,22.58520,39.07196,39.36154,45.28538,44.74757,42.75179,37.70864,41.05583,36.49178,29.66170,33.31010,53.39271,56.10598,50.05642,4.37321,46.17308,39.37944,37.49784,17.64556,51.09719,48.39556,30.42113,25.03403,44.48834,26.62041,38.75436,36.62623,32.30033,53.10373,35.23411,51.64606,7.40950,41.65715,14.46291,62.22621,37.23070
87.41081,2.10193,103.44728,3.67848,49.54029,19.95590,85.61502,57.79041,36.50104,52.26265,0.00000,84.23071,25.74308,76.29655,76.58197,86.17907,68.60744,41.97429,41.50651,76.07505,87.47750,46.91701,81.96131,40.68213,62.43859,95.78665,17.81581,87.79233,37.57521,39.38735,42.31468,85.60897,52.74847,21.27889,75.11991,89.86048,16.73708,58.28560,40.94197,70.77193,22.12709,48.36301,41.39971,75.73752,64.56962,103.30097,93.40622,50.61500,71.59460,59.93868,95.31894,74.68417,24.38237,61.96920,27.22499,76.41278,47.53620,82.87039,91.22873,53.05310,82.73520,76.14129,79.95920,82.65490,53.21008,36.39432,15.94602,60.64357,95.71096,13.96281,83.50655,71.94061,85.60103,87.10422,22.62733,84.88947,14.78821,24.17391,93.22059,50.23953,85.55832,13.02018,86.31782,69.70361,12.01731,44.41495,24.89598,76.02212,83.54527,47.47516,31.30484,15.69214,32.49625,41.36558,87.45091,9.83962,55.34960,93.79361,65.29581,34.75022,87.41081
9.13417,83.50372,28.27441,80.56077,42.44909,72.00092,5.51345,33.31859,48.02865,32.42816,84.23071,0.00000,59.25722,27.43540,17.30925,24.94836,15.80142,82.40792,72.62700,17.69891,6.48093,59.45732,13.61536,85.75886,22.77644,31.79903,67.99391,17.67060,88.71353,50.80262,42.92640,2.90528,51.63025,76.32868,9.51479,12.79563,78.28412,50.65002,62.93680,14.06845,63.48740,44.15593,68.79477,30.33539,19.88193,29.46152,20.28449,45.29076,16.04745,27.18973,11.71743,26.82127,81.53299,22.56509,67.03076,14.90925,36.74862,4.87859,10.87695,34.08710,29.56084,10.48824,4.47116,9.71536,33.89271,50.41630,71.49787,49.28349,14.50091,75.20866,30.31281,36.75531,23.57972,7.34341,61.81972,1.71701,83.36800,84.12164,30.73241,33.99372,33.84128,71.54153,13.12788,14.81102,81.55705,68.88832,62.79095,8.90453,33.44915,46.33369,64.86110,68.53986,58.98011,75.30150,9.86043,82.45606,29.03173,10.07782,19.02778,87.83627,9.13417
61.86818,25.49256,77.70967,22.10543,24.61332,14.77026,60.24093,32.22177,14.15638,28.51721,25.74308,59.25722,0.00000,50.85239,53.79050,60.57848,43.99080,37.23091,30.83274,53.33407,62.08740,28.35010,58.65827,38.51238,36.97588,70.32451,14.64285,64.94816,38.63528,15.22763,16.65206,60.86849,31.05557,20.12287,49.94015,66.11515,20.31357,36.43920,24.33899,45.49124,12.60151,23.70750,28.37627,50.50175,39.40169,77.58078,67.66315,26.62969,47.99951,37.22816,70.03896,49.18909,26.43021,36.74170,14.43698,53.14180,22.61837,58.37709,67.06631,31.20296,57.41434,51.97713,55.13080,58.77620,27.46700,10.95536,18.43802,38.43469,70.16554,16.23842,58.22835,47.36974,59.95682,61.64954,8.36854,59.78048,24.89001,28.57286,67.76967,25.64237,60.51779,14.77028,60.62552,45.13857,22.60228,31.02436,16.36372,50.78397,58.51428,23.35262,16.20141,10.94763,11.97080,32.38433,63.46027,23.27973,30.22649,69.06470,40.22947,36.50449,61.86818
21.73771,76.25025,28.74902,72.75026,26.94599,59.37084,23.39061,18.67266,45.61387,35.24579,76.29655,27.43540,50.85239,0.00000,39.50464,10.30731,27.03759,61.90865,52.36664,39.58728,24.21934,38.73121,38.84190,65.69570,21.44784,19.49104,63.81483,44.43924,69.59665,37.22593,35.38507,30.33984,30.03284,62.27207,22.25410,40.21235,65.51647,26.96954,43.90018,20.96008,59.94836,28.32424,48.83099,2.91000,23.37060,28.10525,20.08901,27.11376,33.78011,37.31638,30.91954,1.84001,66.02733,23.84121,52.70326,36.85557,33.85236,31.14046,38.16203,40.91367,6.77242,31.21647,27.07693,35.54737,24.41553,39.95936,67.77239,24.91879,27.61906,64.19091,7.71038,9.87234,10.17549,23.03455,56.74868,26.31807,70.75983,68.62832,16.92757,33.26151,10.93303,65.44907,17.49529,27.40164,69.96214,47.97020,61.19230,21.70641,9.26300,29.72319,49.35804,61.72901,45.13336,54.97866,37.18361,71.48413,27.95461,35.33194,24.02520,69.42850,21.73771
26.26134,75.48911,45.55099,73.03354,44.15886,68.04787,22.59598,37.08056,40.40812,25.32194,76.58197,17.30925,53.79050,39.50464,0.00000,40.30224,14.21425,83.46775,74.03544,0.55340,23.78156,62.23249,5.94291,86.30693,24.20333,48.41893,59.15967,11.22943,88.37726,49.75381,39.55604,16.01220,55.86960,73.01868,17.32675,14.22351,73.99478,56.60128,64.14324,19.02489,54.65272,45.71467,70.22956,42.12411,20.32625,46.76736,37.42948,48.12019,6.99075,16.70707,27.48569,38.27239,78.89888,22.27741,64.59743,2.70012,32.05318,12.62658,16.80500,23.54317,43.60181,8.42634,14.27957,8.72027,34.39594,47.44073,62.15243,55.94339,31.43074,69.98949,44.50844,47.09451,38.90274,24.55974,54.04533,19.00429,78.68013,81.33904,47.04079,28.78260,48.27031,63.56340,29.61969,13.30042,76.31397,71.06375,52.90074,18.03207,47.40644,47.97542,63.41201,61.21530,57.02134,76.59690,12.90283,76.76628,26.22168,21.79111,19.13508,86.99149,26.26134
16.78262,86.05356,18.50042,82.59850,37.08737,69.58016,19.73100,28.38882,54.21396,42.14773,86.17907,24.94836,60.57848,10.30731,40.30224,0.00000,30.40408,71.88267,62.43379,40.52158,19.76343,48.84845,38.12250,75.71336,27.95694,10.21989,73.07413,42.61368,79.71338,47.35024,44.64478,27.63711,40.13927,72.55517,23.50443,37.31414,75.75385,36.70713,54.13775,24.22278,69.04919,38.51643,58.95736,12.01879,28.65280,17.80163,10.74599,37.41414,35.88050,42.25950,24.43586,11.66003,76.33447,29.95205,62.97405,37.60926,42.09217,29.53494,34.55883,47.05797,6.30446,31.92624,26.30058,34.37195,33.51091,49.78536,77.00096,34.49222,20.02943,74.30795,6.53801,18.78470,1.40089,18.53392,66.06243,23.41701,81.00262,78.93504,7.91032,40.94821,9.29331,75.01954,12.13685,30.36767,80.14465,57.97703,69.95524,22.58332,9.56066,39.98165,59.65629,71.36412,55.34693,65.02048,34.65510,81.62845,35.30390,30.39351,28.92811,79.61275,16.78262
21.36049,67.82434,40.84657,64.94752,30.54128,57.33596,18.46891,22.94418,32.27276,16.62688,68.60744,15.80142,43.99080,27.03759,14.21425,30.40408,0.00000,70.41733,60.81284,14.08035,20.29538,48.53156,16.55704,73.45870,10.11169,39.90790,52.20782,23.29603,75.89620,37.26481,28.13980,17.00171,41.83196,61.95103,8.03687,22.68448,63.53252,42.40106,50.91737,6.25150,47.69554,32.16584,56.97349,29.36457,6.22505,41.55119,31.12159,34.27554,7.38093,12.51983,27.36285,25.55148,67.48434,8.53057,52.97406,12.07220,21.37256,14.38656,23.17910,18.80434,32.21282,8.42737,11.40619,15.40002,20.94035,35.92625,55.69785,41.72940,29.07114,60.12512,33.19497,33.55653,29.08532,20.35739,46.10852,16.72096,68.50103,70.01960,38.01745,18.42527,36.96705,55.83725,22.62789,1.18585,66.49859,57.58412,47.00533,9.15003,35.75693,34.43549,51.27321,52.91921,45.07311,63.42766,19.77652,67.26792,14.02752,25.18894,5.02357,74.72727,21.36049
81.05634,43.65216,90.30505,40.81287,40.11546,25.67942,81.02228,49.09425,49.85661,59.66450,41.97429,82.40792,37.23091,61.90865,83.46775,71.88267,70.41733,0.00000,9.79343,83.14040,82.55206,23.35621,86.92264,3.99140,60.64863,78.82906,46.92085,93.65621,8.91982,33.88209,44.74246,84.84862,31.93795,21.57593,73.18348,92.75298,25.59689,35.26259,19.54631,68.81883,47.64709,38.42930,13.61353,59.86817,64.35232,89.39201,81.98825,37.13910,76.66073,68.77846,90.49125,61.06094,17.63847,61.89007,22.80155,81.96401,52.30828,83.50607,92.47908,64.62548,66.27794,78.78928,79.36039,85.68139,49.48392,37.40703,48.98132,37.62077,88.48436,30.20547,66.62099,53.31014,71.99990,81.65943,44.01688,82.21247,27.44159,18.41209,76.44447,55.49406,66.85030,42.83408,77.90976,71.57553,29.95701,13.94637,52.02385,73.58997,65.07932,36.19079,21.68600,40.47002,27.89293,7.11324,89.65986,32.15575,57.24667,92.35715,65.51279,10.39351,81.05634
71.28510,42.85073,80.90446,39.55254,30.40142,22.50469,71.23063,39.30987,42.17511,50.69411,41.50651,72.62700,30.83274,52.36664,74.03544,62.43379,60.81284,9.79343,0.00000,73.72342,72.76401,13.66570,77.34753,13.37535,50.97377,69.69945,42.60003,84.08648,17.32615,24.83395,35.86984,75.07951,22.33576,20.24779,63.42397,83.05709,24.84483,26.05871,9.90268,59.07775,42.46147,28.72669,3.84878,50.41647,54.70960,80.04899,72.41596,27.34888,67.17844,59.71752,80.71199,51.45972,19.21603,52.28232,17.18548,72.46044,43.32242,73.77344,82.73453,55.96267,56.96015,69.15631,69.61009,76.02275,39.87343,28.95865,45.27953,28.50809,78.75375,28.12224,57.35020,44.02500,62.49938,71.87564,38.48429,72.42302,28.35014,21.11057,67.27148,46.43927,57.78881,39.35515,68.17991,61.96326,29.95757,4.64812,46.68850,63.81920,55.96397,26.47491,14.63152,36.35913,20.00483,2.68060,79.95244,32.20895,47.84480,82.56834,55.87866,17.58710,71.28510
26.61481,74.97708,45.95651,72.52957,43.89443,67.61218,22.95252,36.89676,39.92308,24.88133,76.07505,17.69891,53.33407,39.58728,0.55340,40.52158,14.08035,83.14040,73.72342,0.00000,24.16353,61.96879,6.49582,85.96495,24.02025,48.70668,58.64128,11.72460,88.01236,49.40428,39.16680,16.45792,55.65659,72.59372,17.45229,14.77686,73.54881,56.43927,63.83448,19.02190,54.13627,45.44255,69.92126,42.18949,20.15223,47.16039,37.77503,47.87929,6.78625,16.22051,27.96351,38.33589,78.48546,22.05755,64.19769,2.92714,31.65004,13.05184,17.35218,23.03065,43.75426,8.60817,14.58124,9.22635,34.12599,47.04698,61.62614,55.80472,31.86989,69.52714,44.66612,47.09581,39.12299,24.92540,53.54583,19.38764,78.22407,80.92117,47.30687,28.37725,48.43290,63.05589,29.92110,13.19706,75.84824,70.77473,52.37078,18.18332,47.54890,47.70105,63.03647,60.71936,56.63981,76.28005,13.44547,76.29208,25.89445,22.31505,18.96582,86.61505,26.61481
3.01548,86.88047,21.87384,83.79902,43.21438,74.10816,1.87500,33.74960,51.78901,36.59591,87.47750,6.48093,62.08740,24.21934,23.78156,19.76343,20.29538,82.55206,72.76401,24.16353,0.00000,59.29895,19.96586,86.05981,25.11257,25.65761,71.79510,23.32836,89.31575,52.30269,45.49248,8.46777,51.07881,78.15220,12.60838,17.64612,80.43061,49.41581,63.31292,16.73354,67.34495,44.91065,68.98045,27.10693,22.98654,23.01089,13.88022,45.50802,22.00916,32.44474,8.11961,24.00720,83.05298,25.52999,68.67462,21.34750,40.00089,11.31385,14.79546,39.06319,25.05211,16.60092,10.14427,16.05313,35.55258,52.60647,75.42568,47.78493,8.78073,77.71553,25.68212,33.98751,18.47216,1.24122,65.36219,4.77736,85.60000,85.66728,24.78863,37.54029,28.96627,75.02290,7.62832,19.50824,84.00182,68.78827,66.98913,11.59787,28.85751,46.97630,66.18761,71.84184,60.60454,75.44407,15.19944,85.04710,32.16467,11.12407,22.38708,88.63590,3.01548
57.73730,47.75423,67.33929,44.13579,18.07436,27.02268,57.80734,26.22829,35.70338,40.56357,46.91701,59.45732,28.35010,38.73121,62.23249,48.84845,48.53156,23.35621,13.66570,61.96879,59.29895,0.00000,65.07206,27.03666,38.48664,56.38830,42.53271,71.80037,30.86982,16.25088,26.68657,61.99412,8.70919,27.49578,50.42957,70.31801,31.79317,13.05613,6.29111,46.20802,40.95122,16.54815,10.10894,36.84295,42.32790,66.52707,58.76162,14.32568,55.27016,49.13702,67.19152,37.80050,29.28499,40.06754,19.69202,60.44637,33.39366,60.89528,69.77577,46.51092,43.49156,56.71515,56.65136,63.45361,27.84642,21.77575,45.98165,15.59824,65.12838,32.97811,43.92643,30.63459,48.88091,58.38127,36.71829,59.16325,36.50381,31.70146,53.92171,36.19138,44.59204,40.89130,54.55384,49.64405,36.98986,9.48980,44.59737,50.74838,42.71280,14.31313,15.61426,37.22775,16.50373,16.31198,67.17299,39.04465,36.45540,69.30527,43.52196,30.80913,57.73730
22.74052,80.92520,41.22048,78.38279,47.09810,72.67338,19.12753,39.25876,45.59995,30.15288,81.96131,13.61536,58.65827,38.84190,5.94291,38.12250,16.55704,86.92264,77.34753,6.49582,19.96586,65.07206,0.00000,89.91227,26.59423,45.40392,64.67508,6.74041,92.22306,53.53343,43.78854,11.60625,58.20681,77.52343,16.82678,8.29699,78.72091,58.40026,67.44769,19.79509,60.15063,48.72231,73.51180,41.61804,22.74435,42.57324,33.84429,50.79095,10.69416,22.03459,22.41687,37.83294,83.27302,25.07688,68.85170,5.55484,36.47120,8.75171,10.91616,29.05843,42.12999,8.49588,11.94961,3.91296,37.47708,51.68232,67.75283,57.50040,26.79936,74.89443,42.97032,47.22933,36.72850,20.92752,59.36329,15.31817,83.50862,85.75738,44.27788,33.24863,46.64567,68.95764,26.65269,15.43043,81.24825,74.14114,58.54683,17.20193,46.00985,50.99208,67.41599,66.48737,61.10485,79.95425,7.09551,81.79105,29.96962,16.18110,21.55175,90.96196,22.74052
84.62240,42.46699,94.15647,39.85283,43.35858,25.89964,84.50543,52.48181,51.63139,62.16814,40.68213,85.75886,38.51238,65.69570,86.30693,75.71336,73.45870,3.99140,13.37535,85.96495,86.05981,27.03666,89.91227,0.00000,63.79534,82.75003,47.14226,96.63424,5.12451,36.57492,47.24278,88.15809,35.68216,21.25413,76.47287,95.90503,24.83326,39.14915,22.82254,72.06941,48.24040,41.65972,17.09176,63.69518,67.44983,93.26232,85.76145,40.57254,79.55814,71.32456,94.03335,64.81441,16.37988,64.94671,24.13930,84.87774,54.84891,86.72950,95.72298,66.90341,70.15164,81.85848,82.62388,88.78059,52.56677,39.70678,48.91335,41.52832,92.12254,29.81653,70.50762,57.18877,75.80869,85.18681,44.80866,85.60682,25.93387,16.60290,80.35622,58.07229,70.78104,42.75106,81.54949,74.62523,28.73302,17.73654,52.64067,76.91011,69.00000,39.44776,23.65441,40.69123,30.04227,10.72710,92.83312,30.85006,60.09946,95.74383,68.59756,7.11521,84.62240
24.98005,61.90388,42.34243,58.76130,20.59323,49.26603,23.26995,12.87743,27.44057,14.19333,62.43859,22.77644,36.97588,21.44784,24.20333,27.95694,10.11169,60.64863,50.97377,24.02025,25.11257,38.48664,26.59423,63.79534,0.00000,38.14231,47.24524,33.31623,66.44240,28.11868,20.38990,24.81241,31.72328,53.55278,13.26593,32.11157,55.56513,32.44305,41.10731,8.71350,42.90584,22.25202,47.12638,23.08708,3.89166,42.59724,32.14519,24.19672,17.23501,16.26476,33.09763,19.67462,58.78268,2.55012,44.26882,22.16705,15.25492,23.01626,32.03421,19.48918,27.75501,18.23645,19.09372,25.05216,11.29173,27.68358,51.00972,31.91193,33.27721,52.66202,28.76004,25.65001,26.87695,24.68270,40.58193,23.06460,60.68289,61.36474,35.86450,13.37023,32.29034,50.14445,24.29249,11.18660,58.97590,47.62153,43.10468,13.98403,30.70388,24.51302,42.20096,46.85719,36.23107,53.61094,29.03990,59.97205,7.63217,32.82806,5.09313,65.41239,24.98005
22.73439,95.73915,13.25163,92.24127,46.37284,78.65449,26.28709,38.11091,64.38275,52.32325,95.78665,31.79903,70.32451,19.49104,48.41893,10.21989,39.90790,78.82906,69.69945,48.70668,25.65761,56.38830,45.40392,82.75003,38.14231,0.00000,83.08665,48.95282,87.02087,56.64707,54.63154,34.10691,47.76992,81.32337,32.50389,43.02797,84.73012,43.64437,62.05089,33.87120,79.11576,47.69720,66.42591,20.27375,38.67128,11.68559,12.24030,46.17800,44.76194,52.05505,27.52730,21.13557,84.73259,40.08517,71.83274,45.78215,52.29114,36.65223,39.81609,57.10548,13.22800,40.27910,34.14280,41.51301,43.53028,59.44599,87.02738,41.22746,22.22331,83.59080,12.60915,25.75910,11.26749,24.57931,76.04851,30.11246,89.95216,87.30071,2.57209,51.16808,12.01668,84.87799,18.82546,39.73840,89.27984,65.12155,80.10688,31.48468,13.75009,48.96791,68.33501,81.17945,64.43218,72.19561,40.80441,90.85124,45.52017,34.65870,38.86915,87.15832,22.73439
72.06093,16.46641,89.32290,14.58177,38.61815,21.27689,69.92016,45.20001,20.01081,35.60492,17.81581,67.99391,14.64285,63.81483,59.15967,73.07413,52.20782,46.92085,42.60003,58.64128,71.79510,42.53271,64.67508,47.14226,47.24524,83.08665,0.00000,70.32372,45.78412,29.77923,28.45643,69.13012,45.69416,26.02803,59.23346,72.71139,23.45417,51.08142,37.87335,55.09421,4.54051,37.90653,40.89368,63.79501,48.83004,89.39822,79.13914,41.05565,54.51608,42.65659,79.38985,62.06763,31.89919,46.36772,25.43331,59.15385,31.99320,66.21239,74.29016,35.63005,70.52181,59.32125,63.61346,65.61749,39.56707,24.95973,3.97256,53.06247,80.30174,17.98703,71.39161,61.29735,72.31001,71.55212,7.08700,68.80560,25.63661,33.13542,80.57158,34.25928,73.95219,5.45120,71.52071,53.24530,22.30821,43.79227,7.25039,60.20800,71.97380,37.78149,28.58699,6.45765,26.03763,43.57035,70.43913,21.51421,39.76761,77.24494,49.40974,43.18109,72.06093
26.30994,86.68239,43.07462,84.25107,53.83609,79.10703,22.96526,45.93020,51.63474,36.43975,87.79233,17.67060,64.94816,44.43924,11.22943,42.61368,23.29603,93.65621,84.08648,11.72460,23.32836,71.80037,6.74041,96.63424,33.31623,48.95282,70.32372,0.00000,98.91292,60.22235,50.36155,15.00885,64.87929,84.01520,22.94572,6.50409,85.10313,64.95956,74.18619,26.27768,65.82781,55.46180,80.25127,47.28029,29.47552,44.62013,36.93576,57.51106,17.23095,27.93575,23.49379,43.57075,89.81942,31.81726,75.43476,11.91703,42.96890,13.34300,10.13475,34.74084,47.14301,15.13533,17.38552,8.99156,44.21703,58.25966,73.25903,63.99463,28.54595,81.16467,47.92297,53.19613,41.24837,24.46090,65.27031,19.20594,89.83105,92.28749,48.11399,39.72144,51.49031,74.77246,30.67077,22.16554,87.49933,80.87995,63.97502,23.15860,51.03700,57.73150,74.06735,72.44351,67.73388,86.69193,8.15035,87.97439,36.63941,16.18464,28.28500,97.62756,26.30994
87.99881,39.46464,98.19751,37.13980,46.27233,24.94069,87.71502,55.59670,52.27505,63.79593,37.57521,88.71353,38.63528,69.59665,88.37726,79.71338,75.89620,8.91982,17.32615,88.01236,89.31575,30.86982,92.22306,5.12451,66.44240,87.02087,45.78412,98.91292,0.00000,38.69080,48.96199,91.03193,39.57746,19.79710,79.33357,98.48356,22.66321,43.37682,26.04623,74.87156,47.34280,44.56465,20.76566,67.70186,70.00065,97.35972,89.60115,43.83535,81.74015,72.97759,97.34776,68.63546,14.00736,67.43755,24.68717,87.07328,56.57317,89.45038,98.46515,68.17192,74.28015,84.32119,85.42455,91.27993,55.15624,41.21147,47.17852,45.81160,95.64207,27.97063,74.67502,61.35033,79.75039,88.48348,44.20376,88.64322,22.81233,13.47852,84.59634,59.83453,75.09747,41.06229,85.08602,77.07339,25.88650,21.90521,51.73327,79.82566,73.28142,42.41474,25.04522,39.40911,31.49643,14.84082,95.45408,27.86276,62.27815,98.75004,71.12305,2.82500,87.99881
51.48600,39.55363,65.25267,35.95519,10.28014,22.34617,50.56417,19.35725,19.49218,25.86379,39.38735,50.80262,15.22763,37.22593,49.75381,47.35024,37.26481,33.88209,24.83395,49.40428,52.30269,16.25088,53.53343,36.57492,28.11868,56.64707,29.77923,60.22235,38.69080,0.00000,11.07082,52.92344,16.33329,25.92500,41.29921,59.91935,28.62041,21.48561,15.30737,36.75820,27.11515,8.98902,21.21251,36.45611,31.49897,64.89164,55.53961,11.46173,43.06182,34.92295,60.42183,35.71212,30.77707,28.88006,16.37905,48.39290,18.49169,51.08144,60.09156,31.21527,43.49202,45.69139,47.21239,52.66427,16.91089,5.72413,33.63557,23.34055,59.60103,26.96652,44.22850,32.59568,46.91605,51.63817,23.03971,50.94223,33.87400,33.38310,54.07506,21.63442,46.18091,29.82265,49.40127,38.44685,32.82143,22.77213,30.10944,41.91573,44.16767,8.20811,14.08301,25.95200,8.32560,27.24295,56.93760,34.27822,23.59258,60.87882,32.58527,37.46387,51.48600
45.22181,41.92765,61.29501,38.65199,12.59437,29.20617,43.65566,16.87931,11.45385,14.93025,42.31468,42.92640,16.65206,35.38507,39.55604,44.64478,28.13980,44.74246,35.86984,39.16680,45.49248,26.68657,43.78854,47.24278,20.38990,54.63154,28.45643,50.36155,48.96199,11.07082,0.00000,44.70460,24.29790,33.83277,33.50337,50.72027,35.43349,28.34551,26.37219,29.00087,24.57012,12.84097,32.27788,35.49380,23.05386,61.25117,51.18457,16.67935,33.13354,24.08248,53.48703,33.62518,39.48927,20.36495,25.07334,38.44685,7.61713,42.43561,51.31380,20.14674,42.11633,36.42563,38.93832,43.37194,11.14136,7.89818,32.40313,29.48111,53.51732,32.30035,43.00259,33.73516,43.91277,45.02846,21.42093,43.35234,40.46580,41.98715,52.11519,10.87256,45.69030,30.49660,44.00353,29.31848,38.63668,33.81920,26.08970,34.30131,43.73786,14.13475,23.92416,26.96638,17.49346,38.23586,47.89013,39.59028,14.11553,52.86263,23.97297,47.47905,45.22181
11.37723,84.82229,29.68208,81.94847,44.80852,73.86669,7.95692,35.79951,49.24803,33.52680,85.60897,2.90528,60.86849,30.33984,16.01220,27.63711,17.00171,84.84862,75.07951,16.45792,8.46777,61.99412,11.60625,88.15809,24.81241,34.10691,69.13012,15.00885,91.03193,52.92344,44.70460,0.00000,54.25865,78.28801,11.69842,9.90581,80.12535,53.39310,65.34471,16.18759,64.60488,46.51205,71.24044,33.24028,21.67667,30.99440,22.32132,47.77435,15.95118,27.60871,11.70625,29.72459,83.58682,24.36770,69.06632,13.85934,38.27513,3.50464,8.02948,34.65289,32.38273,10.39832,5.76764,7.72180,36.04006,52.30509,72.55989,52.06441,15.42216,76.91720,33.11904,39.65255,26.28236,9.52897,63.10139,4.22744,85.17021,86.16392,33.16290,35.40369,36.61292,72.83053,15.66263,15.91605,83.28016,71.39958,63.72347,11.26105,36.26557,48.71163,67.00196,69.92016,61.03902,77.74968,7.03784,84.11975,30.67785,8.20034,20.73163,90.10122,11.37723
49.39140,53.32571,58.63079,49.66476,12.79854,33.36353,49.65147,18.94949,34.94347,36.30934,52.74847,51.63025,31.05557,30.03284,55.86960,40.13927,41.83196,31.93795,22.33576,55.65659,51.07881,8.70919,58.20681,35.68216,31.72328,47.76992,45.69416,64.87929,39.57746,16.33329,24.29790,54.25865,0.00000,34.78215,42.87279,62.93523,38.77681,5.55180,14.33189,38.84554,43.33004,11.81762,18.81809,28.13500,35.61469,57.82514,50.08196,8.27315,48.87986,44.17987,58.87441,29.13251,37.33237,33.59982,25.99482,53.88894,29.69733,53.40717,62.15463,42.68297,34.81179,49.74423,49.09462,56.29143,22.07619,21.94181,49.43493,7.91107,56.63101,39.08850,35.26551,22.01314,40.17565,50.11924,39.18537,51.22358,43.75692,39.83456,45.28682,32.01454,36.05468,45.02092,46.06426,42.88655,43.80982,17.99392,46.43448,43.09331,34.14671,10.17426,22.02192,41.18719,20.49373,24.95738,59.76166,45.72117,31.04901,61.32968,36.81639,39.50155,49.39140
77.39894,22.69748,90.77083,19.54891,35.76920,5.42776,76.39110,45.17779,34.26220,47.74438,21.27889,76.32868,20.12287,62.27207,73.01868,72.55517,61.95103,21.57593,20.24779,72.59372,78.15220,27.49578,77.52343,21.25413,53.55278,81.32337,26.02803,84.01520,19.79710,25.92500,33.83277,78.28801,34.78215,0.00000,66.81836,84.55284,4.61370,40.05341,21.21653,62.26482,27.57731,34.20966,20.45024,61.07660,56.62886,90.28939,81.24485,35.18125,66.83496,56.75976,86.26518,60.91273,6.36406,53.94444,9.62451,72.10726,41.05491,76.17496,85.10253,51.10973,68.10038,70.25818,72.52786,77.20334,42.61691,26.03171,27.66154,42.56601,85.52572,8.63315,68.72413,56.02163,72.25462,77.51697,24.60412,76.58264,9.01568,8.46157,78.76721,44.29420,70.11685,21.50061,75.30862,63.13284,9.83021,23.40375,31.95773,67.50908,68.13550,32.59210,13.00637,19.62373,17.60028,20.11231,81.71659,12.04681,47.92521,86.36853,57.62392,17.27681,77.39894
13.38266,74.46452,32.81404,71.44343,33.11731,62.51521,10.73886,24.20260,39.22270,23.99423,75.11991,9.51479,49.94015,22.25410,17.32675,23.50443,8.03687,73.18348,63.42397,17.45229,12.60838,50.42957,16.82678,76.47287,13.26593,32.50389,59.23346,22.94572,79.33357,41.29921,33.50337,11.69842,42.87279,66.81836,0.00000,20.10822,68.80636,42.39111,53.66613,4.55412,54.76957,34.81957,59.58132,24.94816,10.55746,33.54102,23.15730,36.16035,12.37672,20.54173,20.20979,21.12092,72.01990,13.19927,57.51618,14.64874,27.58428,10.54043,19.34640,26.78210,26.32619,8.96748,6.22776,13.97097,24.39345,40.92925,62.84128,41.26356,21.29865,65.80297,27.25041,30.40297,22.12811,12.51152,52.86909,9.85003,73.90609,74.60768,30.78656,25.00671,31.02864,62.55860,14.66492,7.52230,72.13908,59.79753,54.38075,1.11383,30.10308,37.02514,55.36543,59.44877,49.46669,66.09059,16.92345,73.07767,19.77840,19.58268,9.84505,78.40992,13.38266
20.66159,88.87738,36.64285,86.25754,52.65587,79.84316,17.59893,44.12811,53.39846,37.75429,89.86048,12.79563,66.11515,40.21235,14.22351,37.31414,22.68448,92.75298,83.05709,14.77686,17.64612,70.31801,8.29699,95.90503,32.11157,43.02797,72.71139,6.50409,98.48356,59.91935,50.72027,9.90581,62.93523,84.55284,20.10822,0.00000,85.97878,62.48360,73.20780,24.12396,68.17718,54.33197,79.20836,43.10651,28.48413,38.21833,30.88602,55.99813,18.26978,30.06498,17.02370,39.54442,90.14658,31.05431,75.64632,13.62227,43.65236,9.58919,3.63077,37.16332,42.24105,14.30035,13.95468,7.35671,43.35345,58.55803,75.85681,61.30062,22.15052,82.34334,42.95752,49.41710,35.98559,18.84333,67.23600,14.07609,90.86215,92.67210,42.34254,40.51125,46.39944,76.88398,25.20646,21.49879,88.71419,79.59754,66.69319,20.02239,46.11482,56.58226,73.94962,74.30640,67.75738,85.70276,3.18689,89.34722,36.65622,9.68081,27.36162,97.36749,20.66159
79.82506,18.23193,93.82154,15.23109,38.73836,6.32678,78.63883,47.97766,34.35725,48.67551,16.73708,78.28412,20.31357,65.51647,73.99478,75.75385,63.53252,25.59689,24.84483,73.54881,80.43061,31.79317,78.72091,24.83326,55.56513,84.73012,23.45417,85.10313,22.66321,28.62041,35.43349,80.12535,38.77681,4.61370,68.80636,85.97878,0.00000,44.13831,25.55005,64.26664,25.65225,37.25273,25.04698,64.45706,58.45418,93.41031,84.15618,38.55889,68.03118,57.50696,88.51830,64.09403,8.65852,55.76241,12.96187,73.24119,42.32866,77.86287,86.71042,51.50647,71.50330,71.72950,74.35777,78.62240,44.90225,27.88156,24.55434,46.62717,88.02263,5.47083,72.16140,59.65933,75.39159,79.85014,23.23534,78.62883,5.25702,9.68133,82.16491,45.50033,73.70106,18.48851,77.94498,64.70485,5.25696,28.00988,29.92324,69.54899,71.70671,35.79743,16.77507,17.30876,20.42550,24.62958,83.22219,7.44501,49.53265,88.26631,59.39721,19.95014,79.82506
47.47210,58.87382,55.06698,55.21309,16.01125,38.83005,48.12697,19.62373,39.40312,39.00837,58.28560,50.65002,36.43920,26.96954,56.60128,36.70713,42.40106,35.26259,26.05871,56.43927,49.41581,13.05613,58.40026,39.14915,32.44305,43.64437,51.08142,64.95956,43.37682,21.48561,28.34551,53.39310,5.55180,40.05341,42.39111,62.48360,44.13831,0.00000,19.17859,38.69052,48.59017,15.50891,22.87145,24.73536,36.29031,54.13240,47.02035,11.67101,49.66209,46.24728,56.95345,26.35068,42.27559,34.57927,31.44329,54.44739,32.90397,52.89582,61.39198,45.53766,31.01799,49.90527,48.53438,56.16343,24.13666,26.94329,54.85490,2.54608,54.27528,44.59261,31.35971,18.04870,36.90421,48.37813,44.48248,50.06736,49.05574,44.72276,41.22671,34.86460,31.73346,50.52502,43.80384,43.37662,49.21577,21.47827,51.56346,42.46885,29.90549,14.40965,27.43287,46.68279,26.04133,28.55316,59.29672,51.15694,33.04960,60.03676,37.47374,43.56771,47.47210
61.95857,41.86957,72.63259,38.28578,20.57251,20.99025,61.73460,29.66675,33.76889,41.04400,40.94197,62.93680,24.33899,43.90018,64.14324,54.13775,50.91737,19.54631,9.90268,63.83448,63.31292,6.29111,67.44769,22.82254,41.10731,62.05089,37.87335,74.18619,26.04623,15.30737,26.37219,65.34471,14.33189,21.21653,53.66613,73.20780,25.55005,19.17859,0.00000,49.28345,36.78404,18.88381,6.08697,42.20737,44.82598,71.90552,63.76333,17.80648,57.27898,49.99053,71.32436,42.82990,23.09816,42.38686,13.79873,62.55871,33.68736,63.96453,72.94362,46.51893,49.01166,59.26999,59.83106,66.14826,29.97703,20.01565,41.11208,21.72362,69.60119,26.97934,49.50369,36.31331,54.07547,62.46423,32.58913,62.78752,30.21947,25.55926,59.55221,36.74486,50.38143,35.72128,59.05081,52.06981,30.76651,7.49604,40.69674,54.09272,48.46599,16.65026,9.81252,32.20350,12.43408,12.51124,70.11357,32.84754,37.96789,72.92265,45.99169,25.60734,61.95857
17.04056,70.15558,35.74523,67.09380,28.71422,57.97199,14.86264,20.00427,35.10271,20.24915,70.77193,14.06845,45.49124,20.96008,19.02489,24.22278,6.25150,68.81883,59.07775,19.02190,16.73354,46.20802,19.79509,72.06941,8.71350,33.87120,55.09421,26.27768,74.87156,36.75820,29.00087,16.18759,38.84554,62.26482,4.55412,24.12396,64.26664,38.69052,49.28345,0.00000,50.66238,30.41040,55.23113,23.39841,6.26418,36.28361,25.75336,31.89877,12.85955,18.20803,24.56299,19.55347,67.46918,8.80373,52.96353,16.51547,23.26935,14.70291,23.66048,23.78057,25.97505,11.35784,10.55770,17.49180,19.85940,36.38679,58.75522,37.72322,25.22028,61.30005,26.95413,28.07393,22.92266,16.45792,48.63009,14.36587,69.37374,70.05595,31.91023,20.83604,30.73038,58.28965,17.36663,6.45949,67.62889,55.52427,50.45226,5.30053,29.54878,32.63335,50.82963,55.12183,44.91579,61.73784,20.96850,68.58780,15.43454,24.13216,5.79180,73.91892,17.04056
67.65374,20.88435,85.08356,18.74988,35.35004,22.43418,65.46998,41.42400,15.55976,31.08361,22.12709,63.48740,12.60151,59.94836,54.65272,69.04919,47.69554,47.64709,42.46147,54.13627,67.34495,40.95122,60.15063,48.24040,42.90584,79.11576,4.54051,65.82781,47.34280,27.11515,24.57012,64.60488,43.33004,27.57731,54.76957,68.17718,25.65225,48.59017,36.78404,50.66238,0.00000,34.77760,40.38998,60.04474,44.39962,85.19599,74.88989,38.10948,49.97710,38.12684,74.90736,58.18011,33.73727,41.96312,25.34794,54.62582,27.65314,61.67812,69.74975,31.11528,66.68544,54.78232,59.09971,61.07825,35.59228,21.91901,8.10586,50.44762,75.87939,20.24001,67.57271,57.85459,68.25103,67.11848,4.23298,64.31293,28.50795,35.24656,76.61662,29.82831,70.23149,9.25935,67.19625,48.72752,25.30657,43.17507,4.40206,55.75200,68.26815,34.86432,28.01968,8.45059,24.52862,43.68942,65.89957,24.81456,35.38483,72.71405,44.95799,44.85399,67.65374
43.80258,48.49549,56.59091,44.91136,1.70770,31.06374,43.25865,11.20661,24.03565,24.61967,48.36301,44.15593,23.70750,28.32424,45.71467,38.51643,32.16584,38.42930,28.72669,45.44255,44.91065,16.54815,48.72231,41.65972,22.25202,47.69720,37.90653,55.46180,44.56465,8.98902,12.84097,46.51205,11.81762,34.20966,34.81957,54.33197,37.25273,15.50891,18.88381,30.41040,34.77760,0.00000,24.87832,27.47937,26.01562,56.15890,47.03792,3.83878,38.76829,32.81844,52.99986,26.85811,38.50293,23.65065,24.58680,43.98023,17.88435,45.08274,54.06746,30.91493,34.52185,40.46119,40.96416,47.30410,11.31926,12.94684,41.84204,16.68042,51.73321,35.89360,35.24943,23.71019,38.13910,44.14015,30.93191,44.08064,42.50651,41.12835,45.12521,20.28462,37.19686,38.46184,41.33706,33.30199,41.63936,25.42071,37.22171,35.27925,35.18367,2.27005,21.57513,34.61158,16.83302,31.37082,51.23244,43.16574,19.94373,54.18571,27.19453,43.76267,43.80258
67.53074,42.59085,77.44795,39.15856,26.55265,21.78091,67.43673,35.48077,39.04521,47.03835,41.39971,68.79477,28.37627,48.83099,70.22956,58.95736,56.97349,13.61353,3.84878,69.92126,68.98045,10.10894,73.51180,17.09176,47.12638,66.42591,40.89368,80.25127,20.76566,21.21251,32.27788,71.24044,18.81809,20.45024,59.58132,79.20836,25.04698,22.87145,6.08697,55.23113,40.38998,24.87832,0.00000,46.95142,50.86529,76.63089,68.84302,23.52930,63.36213,56.02322,76.94463,47.87767,20.60573,48.44321,15.57422,68.63877,39.67147,69.92598,78.88873,52.40861,53.58061,65.31252,65.76523,72.17608,36.03562,25.57934,43.80249,25.37131,75.04534,27.65242,54.00177,40.69208,58.98578,68.10111,36.30792,68.60052,29.07447,22.77939,63.97357,42.75957,54.57532,38.04690,64.47448,58.12263,30.28045,3.03655,44.51473,59.98076,52.71955,22.62615,12.37510,34.82855,17.02946,6.50942,76.10369,32.49143,44.05418,78.74469,52.03538,20.73332,67.53074
24.59334,75.77040,30.49669,72.23151,26.21198,58.38356,26.29584,18.62086,46.06632,36.53495,75.73752,30.33539,50.50175,2.91000,42.12411,12.01879,29.36457,59.86817,50.41647,42.18949,27.10693,36.84295,41.61804,63.69518,23.08708,20.27375,63.79501,47.28029,67.70186,36.45611,35.49380,33.24028,28.13500,61.07660,24.94816,43.10651,64.45706,24.73536,42.20737,23.39841,60.04474,27.47937,46.95142,0.00000,25.33211,29.70658,22.32151,25.91063,36.25474,39.18891,33.71116,3.85519,64.61813,25.55731,51.56697,39.49291,34.58274,33.99950,41.07069,42.41316,7.05301,33.89087,29.90448,38.36776,24.76853,39.55624,67.76395,22.58043,30.27075,63.35955,7.77355,7.14886,12.16907,25.91665,56.71086,29.22610,69.68103,67.20358,17.70785,34.25715,10.20260,65.19350,20.28856,29.79561,69.01306,45.95871,61.48929,24.44443,8.28070,28.69941,48.10307,61.42822,44.16669,53.00176,40.06950,70.59951,29.16013,38.22444,26.07045,67.62618,24.59334
