0.00000,28.35866,10.53166,8.98217,13.02501,15.66848,17.45881,1.38400,12.46285,13.67954,14.71415,8.11611,5.81046,6.96224,3.23894,18.97240,18.39621,2.19323,20.85458,12.90623,6.42097,13.77978,26.25191,18.98125,20.62207,12.80454,16.39158,20.08297,22.84360,11.14363,21.95693,9.76400,12.99797,16.43660,23.92774,12.54214,20.43423,19.95214,21.16593,19.19161,15.02441,18.35128,19.77929,21.65917,19.66927,18.81780,13.65807,9.43319,6.49631,18.72158,6.02326,17.35563,14.77553,20.61922,21.65243,18.65734,14.34462,24.23865,20.35659,0.54150,14.14492,2.34249,3.97687,9.25437,7.88106,20.94939,4.56393,5.34432,2.57298,21.01409,3.26806,19.60564,18.90210,13.14943,7.03420,21.85977,20.53024,11.95416,14.64388,9.36721,10.07027,7.19276,6.10725,23.23961,7.36554,4.31354,4.31249,23.13006,28.73947,5.48470,7.78523,16.72373,21.61503,17.34670,19.87632,22.15964,4.15736,19.16110,13.58990,20.50118,0.00000
28.35866,0.00000,20.18277,23.83435,18.98295,15.08313,18.81254,27.47633,25.19995,18.97438,16.03686,26.83419,23.20372,27.20584,26.19356,9.46073,23.10549,30.19768,18.26457,22.88337,24.93050,20.61446,2.18495,21.82101,21.76084,24.18123,19.07909,15.29874,9.29358,23.81801,6.83896,24.27418,19.98567,18.13478,7.92975,16.05746,16.01165,22.26982,13.53983,18.13193,20.43029,20.24091,21.05669,8.54644,8.87416,18.99542,15.01831,25.13798,24.13349,19.07848,25.36806,11.79312,14.99901,20.68825,16.12893,18.41011,14.01800,7.68877,12.44811,27.96278,17.89620,28.96306,25.64363,19.13423,23.71689,8.81688,24.69046,28.08827,25.95515,24.30981,30.20313,23.84942,19.70043,23.24612,24.52856,9.21920,13.45467,22.86829,16.15835,23.30308,21.63631,25.28839,26.12912,5.92658,26.23049,25.57200,28.64886,6.27827,2.70438,24.85262,21.56674,19.83897,13.33200,12.18594,12.73053,13.23258,25.45238,10.37270,16.07784,10.36145,28.35866
10.53166,20.18277,0.00000,3.68105,12.93684,5.55813,17.39586,10.40739,6.40129,3.24509,12.33909,6.65690,4.82080,7.05947,7.42634,10.99313,9.56132,11.59860,10.54152,4.79312,5.02823,15.02918,18.33861,20.39068,21.72749,5.76151,6.17770,9.55215,17.74938,14.91805,13.35051,4.31021,2.86264,15.97463,18.30660,8.15206,9.91348,10.63456,18.12013,18.63723,16.09731,19.01757,20.67639,15.88225,12.77716,8.63304,5.68313,14.44736,4.41650,8.55423,11.81559,11.98800,5.20801,10.79325,19.89412,8.35710,7.90516,14.54847,10.08351,10.39937,13.30552,10.01287,6.69652,6.16351,11.88385,11.68515,5.97213,13.57577,9.16390,12.28853,13.53424,10.91160,8.87917,5.26388,4.51003,12.15384,10.10001,4.05716,4.42757,12.91742,12.08386,5.16610,12.58153,14.41345,6.06370,6.44864,9.00167,14.17144,19.86622,10.78254,9.05759,6.74093,11.15872,8.05325,9.59970,18.96842,6.49447,9.93652,4.10592,15.54349,10.53166
8.98217,23.83435,3.68105,0.00000,15.21696,8.97707,19.89067,9.34217,4.04025,5.62049,15.17708,3.00963,4.62219,3.61985,5.77071,14.67394,9.43437,9.40254,12.18525,3.92696,2.56210,17.06791,22.01064,22.59857,24.05043,4.01597,7.78064,12.06497,21.25440,16.19870,16.99644,1.05933,4.66815,18.51567,21.87969,11.19089,12.20740,10.97004,21.29975,21.29238,18.23986,21.38019,23.02687,19.44837,16.41793,10.08805,9.30530,15.29722,2.66988,9.98207,12.14082,15.42868,8.83653,11.69273,22.85234,10.03325,11.38171,17.94218,13.19727,9.03792,15.81159,7.73041,5.06780,8.47072,12.81651,15.24813,4.84541,13.22887,8.52289,12.09450,12.23348,10.67624,10.07371,4.19653,1.95057,15.57797,12.99332,2.97239,7.83903,14.10919,13.67441,2.00246,12.76953,18.02548,2.59952,4.70270,6.18112,17.76515,23.43291,11.11125,10.44529,7.93964,13.96692,11.66783,12.72386,22.19150,4.91885,13.53264,7.77344,18.99795,8.98217
13.02501,18.98295,12.93684,15.21696,0.00000,13.70413,4.74798,11.69687,19.02274,15.21067,2.95454,17.01902,11.14862,16.49369,12.83164,11.56486,22.19606,15.21820,21.30383,17.71866,14.10511,2.32400,16.82021,7.45647,8.84457,18.57818,17.93969,18.78734,11.05714,4.83524,14.47879,16.24729,15.43363,3.49921,12.41264,5.64601,19.57140,22.90214,8.37395,6.33933,3.18920,6.16334,7.81271,10.67837,10.51135,20.02604,9.75535,6.28656,13.30111,19.99648,7.70641,7.36952,12.22998,22.51784,8.62910,19.51101,7.85464,18.31063,17.12390,12.49015,1.25052,14.81294,12.78859,6.83067,5.65577,14.94453,12.04279,10.23519,10.54536,24.82443,13.30788,23.53348,20.53996,18.18360,14.21679,16.53729,18.00703,16.91434,13.49977,4.66895,3.20036,15.07642,8.22318,15.79660,16.01495,13.00468,15.81270,15.94685,20.38777,7.74481,5.45803,18.77386,19.01069,12.82510,16.79539,9.35961,12.70802,13.70902,11.77822,9.01745,13.02501
15.66848,15.08313,5.55813,8.97707,13.70413,0.00000,17.28003,15.28827,10.16315,3.91850,11.92961,11.97708,9.86568,12.53384,12.75734,6.67665,9.75053,16.97763,7.61447,7.87363,10.58558,16.02305,13.42872,20.67485,21.71287,9.17300,5.07016,5.21550,14.58027,17.14184,8.29556,9.27612,4.90995,15.87176,14.75308,8.05901,5.92577,9.85667,16.17591,18.07379,16.80173,19.07136,20.65901,12.48471,9.03258,6.57514,3.94937,17.28594,9.94318,6.57349,15.47963,9.59292,1.47477,9.07951,18.49655,5.99130,6.18388,8.99893,4.69173,15.44697,13.55742,15.45053,12.06120,8.40695,14.86702,6.32872,11.23028,17.73528,13.87261,11.98195,18.41218,10.93132,7.19638,8.27101,10.06491,6.61407,5.01362,7.79007,1.14132,15.45548,14.15085,10.68154,16.31479,9.17887,11.51827,11.86014,14.55239,8.87811,14.48633,14.54781,11.87978,5.99366,6.12424,3.03256,4.21444,16.83531,11.85614,4.71553,2.27911,12.74101,15.66848
17.45881,18.81254,17.39586,19.89067,4.74798,17.28003,0.00000,16.09330,23.61963,19.36941,5.35687,21.76181,15.89466,21.24142,17.52627,13.49521,26.36108,19.64100,24.85282,22.18746,18.84948,3.76493,16.80851,3.50387,4.44196,23.11679,21.91448,22.06002,9.72855,7.27159,15.89812,20.90780,19.71735,1.43548,11.18761,9.49957,22.90269,26.89591,5.77565,1.76992,2.65321,1.81369,3.38289,10.30898,11.64525,23.81190,13.42134,9.22971,18.04003,23.79776,11.72420,8.81481,15.84791,26.32418,4.64313,23.25146,11.10530,20.03059,19.96756,16.91777,4.09916,19.38063,17.51269,11.43572,9.68031,16.99774,16.78278,13.90490,15.07293,28.90645,17.27320,27.67484,24.38634,22.65939,18.95073,18.68758,20.99257,21.42991,17.29736,8.31771,7.38887,19.81536,12.03992,17.06570,20.75936,17.73751,20.49028,17.32991,20.72914,12.01154,10.15073,22.79222,21.88982,15.75319,19.71874,6.55557,17.43778,16.15912,15.64119,8.49678,17.45881
1.38400,27.47633,10.40739,9.34217,11.69687,15.28827,16.09330,0.00000,13.04414,13.62519,13.47815,8.89478,5.58816,7.79830,3.62880,18.15777,18.77020,3.54781,20.88475,13.25535,6.82987,12.40433,25.34839,17.59745,19.23812,13.28506,16.44080,19.90348,21.68783,9.76786,21.19004,10.21516,13.02830,15.08786,22.80500,11.53136,20.30969,20.25444,19.89168,17.83084,13.64684,16.97083,18.39574,20.57097,18.71508,18.89167,12.98350,8.08147,6.72521,18.80097,4.64748,16.29257,14.29591,20.81071,20.31791,18.68629,13.46484,23.65424,19.97695,0.84848,12.83418,3.62310,4.28407,8.34335,6.49822,20.30492,4.60443,4.24079,1.52561,21.43642,3.13941,20.01841,19.02808,13.53869,7.40399,21.29832,20.22859,12.28387,14.31264,7.98325,8.70734,7.71748,4.77179,22.49448,8.05338,4.65807,5.43122,22.40820,27.96218,4.10405,6.54698,16.84351,21.32651,16.75977,19.50184,20.88613,4.42429,18.53222,13.13278,19.35800,1.38400
12.46285,25.19995,6.40129,4.04025,19.02274,10.16315,23.61963,13.04414,0.00000,6.24490,18.68973,4.58445,8.66132,5.77180,9.41547,16.64366,6.33129,12.39293,10.50929,2.32457,6.26436,20.96442,23.59031,26.45590,27.86647,1.05780,6.79330,11.46067,23.96044,20.22815,18.45329,2.99534,5.27043,22.21738,24.40253,14.53828,11.30233,8.10698,24.51590,24.93784,22.10795,25.17386,26.82939,22.00878,18.73463,8.46197,11.84937,19.33599,6.62657,8.34245,16.15078,18.29649,10.59647,9.28740,26.28516,8.66263,14.22013,18.49605,13.40838,12.61674,19.52114,10.77428,8.79013,12.19950,16.85639,16.38809,8.75538,17.09222,12.39847,8.71742,15.72345,7.36255,8.16788,2.02159,5.76266,16.29835,12.85480,2.47705,9.16483,18.14092,17.65859,5.32738,16.75650,19.27462,5.12621,8.41122,8.83252,18.94060,24.37724,15.12796,14.44154,6.46200,13.62442,13.17116,12.98840,25.35576,8.67752,14.86704,9.82464,21.82089,12.46285
13.67954,18.97438,3.24509,5.62049,15.21067,3.91850,19.36941,13.62519,6.24490,0.00000,14.08548,8.49061,8.04954,9.23579,10.50523,10.48168,6.99977,14.58460,7.29658,3.96021,7.74187,17.43030,17.34566,22.56864,23.78968,5.25751,2.98502,6.52102,18.11062,17.74913,12.20965,5.66131,1.03680,17.93395,18.41923,9.87263,6.77855,7.74990,19.20459,20.42279,18.39956,21.08422,22.72839,16.07663,12.69851,5.41525,6.28598,17.44930,7.32398,5.34247,14.97911,12.71251,4.50100,7.67530,21.28616,5.11528,8.79585,12.52482,7.62266,13.57906,15.37133,12.95051,9.76252,8.77024,14.89683,10.17779,9.11926,16.81048,12.40495,9.61525,16.74055,8.32826,5.71630,4.37008,7.13882,10.22791,7.37306,3.90243,2.95842,15.81964,14.82498,7.54624,15.76161,13.05483,8.21823,9.47697,11.67642,12.73382,18.25618,13.95619,11.97807,3.66811,8.35150,6.93522,7.15842,19.95829,9.56685,8.62460,4.01133,16.10502,13.67954
14.71415,16.03686,12.33909,15.17708,2.95454,11.92961,5.35687,13.47815,18.68973,14.08548,0.00000,17.38710,11.69743,17.05384,13.90764,8.82110,21.05725,16.87600,19.51733,17.09385,14.54626,4.90202,13.87054,8.75597,9.79766,18.10008,16.57254,16.77999,8.42412,7.78647,11.63205,16.14301,14.49313,3.94220,9.70318,4.23500,17.60919,21.55095,6.53000,6.34480,5.23309,7.14186,8.73962,7.81427,7.58524,18.45507,8.06540,9.14739,13.68289,18.44090,10.04134,4.44158,10.49257,20.96734,7.68551,17.89553,5.77028,15.56141,14.83331,14.20274,2.01842,16.21673,13.71090,6.80215,8.10675,12.27740,12.85027,12.70619,12.14819,23.57555,15.50340,22.36109,19.03019,17.56994,14.52960,13.91755,15.80489,16.39624,11.94296,7.39616,5.77339,15.42450,10.67492,12.92940,16.42361,13.85670,16.89241,13.10248,17.43721,9.84841,6.93346,17.45656,16.74933,10.55649,14.54975,7.51187,13.59218,11.19139,10.29690,6.23980,14.71415
8.11611,26.83419,6.65690,3.00963,17.01902,11.97708,21.76181,8.89478,4.58445,8.49061,17.38710,0.00000,5.87605,1.19823,5.37343,17.62748,10.87372,7.83293,14.50636,5.82440,2.91641,18.64402,24.99502,24.20592,25.73179,5.21408,10.28068,14.77788,23.95814,17.22578,19.99796,2.85650,7.48677,20.44381,24.65420,13.62914,14.82837,12.60416,23.70732,23.27141,19.86856,23.12649,24.74227,22.22168,19.28768,12.39689,12.18280,16.02544,3.72903,12.28279,12.62170,18.10188,11.84024,13.63177,25.06221,12.44820,14.12094,20.92135,16.11048,8.34791,17.76466,6.24550,4.91868,10.58495,13.72416,18.25728,5.27037,13.09575,8.55449,13.30185,11.32741,11.94350,12.25348,5.87132,2.85766,18.56706,15.83567,5.10837,10.84133,15.14845,15.02754,1.96376,13.10179,21.03403,1.01433,4.56443,4.25436,20.77471,26.44152,11.66833,11.83116,10.25480,16.76924,14.67511,15.64297,24.63062,4.87895,16.54186,10.76188,21.66191,8.11611
5.81046,23.20372,4.82080,4.62219,11.14862,9.86568,15.89466,5.58816,8.66132,8.04954,11.69743,5.87605,0.00000,5.38067,3.01623,13.74301,13.65411,7.19442,15.33091,8.21945,2.95966,12.78229,21.17493,18.34497,19.86100,8.58091,10.91102,14.32735,18.89109,11.61847,16.57603,5.66844,7.50457,14.59030,19.76413,8.30135,14.72254,14.99301,18.14805,17.42581,14.00001,17.25059,18.86808,17.36851,14.85712,13.37032,8.21524,10.67504,2.20126,13.28409,7.56287,13.07699,9.03129,15.39233,19.31949,13.13630,9.44293,18.55356,14.54989,5.62355,11.92669,5.79737,2.44119,4.98189,8.20264,15.35565,1.48743,8.93170,4.36924,16.38128,8.72015,14.96207,13.55010,8.58485,3.14455,16.15844,14.72286,7.24525,8.83369,9.52550,9.22212,3.95646,8.23274,17.80283,4.86816,2.40757,5.57574,17.64969,23.33297,6.52374,5.99621,11.37202,15.81057,11.69914,14.06893,19.10135,2.25361,13.55709,7.83494,16.53895,5.81046
6.96224,27.20584,7.05947,3.61985,16.49369,12.53384,21.24142,7.79830,5.77180,9.23579,17.05384,1.19823,5.38067,0.00000,4.36985,17.89720,12.03710,6.63503,15.52283,6.88274,2.53923,18.01627,25.31657,23.56682,25.11745,6.36093,11.22556,15.63705,23.92087,16.41527,20.38708,3.76280,8.26677,19.95486,24.67935,13.45656,15.73471,13.75091,23.45820,22.79443,19.25505,22.54714,24.14474,22.25216,19.43041,13.41151,12.37353,15.13438,3.42320,13.29938,11.69019,18.06081,12.26567,14.73503,24.69507,13.43023,14.15933,21.52358,16.81560,7.21679,17.30172,5.04943,4.01198,10.27749,12.90269,18.74189,4.52292,12.02291,7.56447,14.48792,10.15302,13.12369,13.30186,6.96842,2.74613,19.14707,16.60850,6.10116,11.39256,14.35575,14.34163,1.92082,12.12882,21.46942,1.02209,3.68914,3.06093,21.23063,26.92501,10.76717,11.19279,11.25951,17.57322,15.11143,16.34140,24.39845,4.00924,16.99596,11.14084,21.59877,6.96224
3.23894,26.19356,7.42634,5.77071,12.83164,12.75734,17.52627,3.62880,9.41547,10.50523,13.90764,5.37343,3.01623,4.36985,0.00000,16.73431,15.20282,4.22172,17.63346,9.69749,3.22366,14.09089,24.14975,19.57684,21.16863,9.66883,13.16959,16.96309,21.53884,12.16991,19.58844,6.60347,9.78819,16.33085,22.48770,10.95608,17.27885,16.73304,20.43512,19.16849,15.34804,18.68680,20.23542,20.12386,17.75861,15.58801,11.22573,10.80112,3.25912,15.49081,7.33407,15.80289,12.00229,17.38109,21.32994,15.43847,12.34146,21.53846,17.41291,3.26723,13.78658,2.78164,0.74501,7.55539,8.66303,18.36524,1.54617,7.74665,3.19490,17.84668,6.46673,16.43223,15.66497,9.95853,3.82038,19.13901,17.50733,8.73720,11.68731,10.14953,10.33770,4.08869,7.75899,20.81851,4.47303,1.07579,2.99599,20.66590,26.34839,6.43880,7.37884,13.48794,18.57631,14.70247,16.92947,21.41178,0.93840,16.56644,10.80260,19.17734,3.23894
18.97240,9.46073,10.99313,14.67394,11.56486,6.67665,13.49521,18.15777,16.64366,10.48168,8.82110,17.62748,13.74301,17.89720,16.73431,0.00000,16.20741,20.76318,12.80021,14.42130,15.54876,13.70635,7.45618,16.98830,17.62462,15.70503,11.59532,9.62527,8.14670,16.14273,3.12491,15.24091,11.39075,12.29347,8.13913,7.11766,10.51568,15.99660,10.60417,13.71147,14.02319,15.27795,16.64723,6.00315,2.55578,12.52954,5.57745,17.03857,14.73059,12.56680,16.55816,4.68079,6.04942,14.85207,13.25663,11.89422,4.76013,6.74922,6.95209,18.59738,10.83183,19.50623,16.18310,9.84105,15.17424,3.50511,15.22972,19.22182,16.63216,18.16589,21.00129,17.28238,13.23407,14.84601,15.18112,5.19238,8.11665,14.19111,7.52347,15.10796,13.47576,15.97679,17.36887,4.48216,16.95008,16.11420,19.20474,4.52039,9.81791,15.90319,12.64577,12.49745,8.80367,3.72085,6.85014,11.04730,15.99214,2.95854,6.94359,6.69694,18.97240
18.39621,23.10549,9.56132,9.43437,22.19606,9.75053,26.36108,18.77020,6.33129,6.99977,21.05725,10.87372,13.65411,12.03710,15.20282,16.20741,0.00000,18.58294,5.44962,5.51512,11.98281,24.39427,21.92757,29.56801,30.78600,5.68474,4.68078,7.85611,24.27920,24.47887,16.97598,8.64046,6.80631,24.92591,24.34607,16.86156,7.26237,1.83843,25.87966,27.38012,25.38514,28.08210,29.72451,22.15894,18.68391,4.12289,13.10783,23.96846,12.05363,4.03358,21.14739,19.30377,10.92376,3.39651,28.10179,4.69559,15.60024,15.60773,10.65992,18.46959,22.37107,16.93088,14.50201,15.62326,21.40696,14.63139,14.21631,22.54793,17.87103,2.74094,21.65745,1.35138,3.44217,5.24694,11.38305,13.89723,9.67218,6.48965,9.31429,22.47605,21.62609,11.22739,21.85884,17.38809,11.27951,14.13689,15.07928,16.96738,21.67245,20.10262,18.61749,3.75691,9.99347,12.49585,10.40357,26.56662,14.35084,13.63017,10.81416,22.48993,18.39621
2.19323,30.19768,11.59860,9.40254,15.21820,16.97763,19.64100,3.54781,12.39293,14.58460,16.87600,7.83293,7.19442,6.63503,4.22172,20.76318,18.58294,0.00000,21.55358,13.22049,6.91905,15.94941,28.11689,21.09773,22.74282,12.90254,17.10798,21.08762,24.94608,13.21515,23.68512,10.00256,13.79588,18.62770,26.00308,14.54839,21.35964,20.23951,23.34380,21.37743,17.18949,20.50745,21.91630,23.70805,21.59939,19.47020,15.33146,11.43708,7.26098,19.36672,8.11317,19.39037,16.21583,21.07571,23.84565,19.37783,16.22321,25.74628,21.62653,2.73003,16.33604,1.67239,4.92046,11.20082,10.03042,22.54204,5.76008,7.01539,4.72967,21.09474,4.01538,19.71532,19.47529,13.39280,7.54750,23.34932,21.69694,12.32249,15.90296,11.50181,12.25428,7.44012,8.10243,24.93932,7.30609,5.15011,3.59237,24.80370,30.46190,7.64558,9.95711,17.33098,22.75719,18.89205,21.14277,24.33697,5.12523,20.74435,15.01692,22.59612,2.19323
20.85458,18.26457,10.54152,12.18525,21.30383,7.61447,24.85282,20.88475,10.50929,7.29658,19.51733,14.50636,15.33091,15.52283,17.63346,12.80021,5.44962,21.55358,0.00000,8.69189,14.63552,23.61752,17.34817,28.27164,29.27189,9.54985,4.46387,3.22065,20.90482,24.51968,12.74435,11.77027,7.86346,23.45577,20.70143,15.66438,2.35956,4.12875,23.23093,25.56442,24.41420,26.65293,28.22339,18.76172,15.35516,2.11133,11.55865,24.44767,14.38350,2.22410,22.18939,16.75594,9.08243,2.43626,25.72959,2.19927,13.74951,10.60045,6.16497,20.79261,21.17145,19.88697,16.88903,15.55911,21.93349,10.39298,16.32667,24.09777,19.69473,6.05709,23.97961,5.79350,2.35253,8.71338,14.00640,9.27922,4.99289,9.42167,7.85924,22.71041,21.53448,14.18415,22.98839,12.86529,14.58655,16.57386,18.34773,12.41406,16.58216,21.18120,18.95457,4.26512,4.93279,9.40683,6.08973,23.76932,16.70223,9.89709,9.58667,19.46390,20.85458
12.90623,22.88337,4.79312,3.92696,17.71866,7.87363,22.18746,13.25535,2.32457,3.96021,17.09385,5.82440,8.21945,6.88274,9.69749,14.42130,5.51512,13.22049,8.69189,0.00000,6.48542,19.77982,21.29081,25.17477,26.51964,1.30051,4.63115,9.28261,21.89738,19.42379,16.15146,3.21912,3.03500,20.76473,22.27837,12.87710,9.20217,7.05119,22.67893,23.41187,20.86810,23.81018,25.46906,19.90595,16.57900,6.58723,9.84580,18.73917,6.53957,6.47159,15.76955,16.33058,8.39429,7.87618,24.57705,6.68145,12.28949,16.18362,11.11070,12.96463,18.09844,11.55235,8.99104,10.91330,16.19733,14.06913,8.70622,17.05945,12.36982,8.20245,16.16012,6.78086,6.42926,0.47698,5.87753,13.97590,10.59804,0.98022,6.90844,17.36895,16.69332,5.79066,16.45168,16.95718,6.00077,8.62819,9.82166,16.62029,22.05348,14.72641,13.55299,4.46624,11.40841,10.89523,10.68425,23.48620,8.83769,12.56426,7.71298,19.81199,12.90623
6.42097,24.93050,5.02823,2.56210,14.10511,10.58558,18.84948,6.82987,6.26436,7.74187,14.54626,2.91641,2.95966,2.53923,3.22366,15.54876,11.98281,6.91905,14.63552,6.48542,0.00000,15.73296,22.99575,21.29553,22.81740,6.45540,10.18921,14.26281,21.39480,14.41416,18.14822,3.38531,6.90223,17.53727,22.17090,10.91734,14.48730,13.53184,20.92857,20.36857,16.95492,20.21011,21.82651,19.74717,16.98354,12.55621,9.98568,13.31207,0.88453,12.45383,9.99669,15.53671,10.12790,14.23826,22.20461,12.45880,11.66822,19.56807,15.07824,6.48790,14.86412,5.25636,2.54684,7.75548,10.93554,16.62749,2.53790,10.82808,6.13602,14.62303,9.67610,13.20866,12.58088,6.73684,0.63021,17.16948,15.01490,5.53449,9.45573,12.32639,12.13675,1.04134,10.55438,19.28006,1.90989,2.17181,3.98320,19.06740,24.77895,9.00080,8.92772,10.42362,16.03983,12.95814,14.59584,21.86588,2.41987,14.85178,8.95928,19.06815,6.42097
13.77978,20.61446,15.02918,17.06791,2.32400,16.02305,3.76493,12.40433,20.96442,17.43030,4.90202,18.64402,12.78229,18.01627,14.09089,13.70635,24.39427,15.94941,23.61752,19.77982,15.73296,0.00000,18.48724,5.56277,7.10210,20.58038,20.19990,21.11134,12.15015,3.68017,16.53233,18.11523,17.60623,3.13843,13.57659,7.96725,21.89495,25.14856,8.81319,5.53446,1.25991,4.60855,6.14665,12.13225,12.44366,22.31613,12.07531,5.56164,14.97560,22.28437,7.96955,9.31321,14.54852,24.80159,8.30970,21.80790,10.16527,20.45334,19.42827,13.23831,2.88366,15.77507,14.15405,8.86931,5.94152,17.13507,13.50105,10.15159,11.46191,27.04433,13.50827,25.73708,22.81992,20.23794,15.91121,18.75224,20.32222,18.94321,15.80027,4.55412,3.76944,16.73874,8.27505,17.82395,17.63077,14.41080,17.00599,18.00269,22.19113,8.30442,6.82404,21.02216,21.32024,15.12762,19.10528,9.73409,14.10049,15.95858,14.07505,10.36716,13.77978
26.25191,2.18495,18.33861,22.01064,16.82021,13.42872,16.80851,25.34839,23.59031,17.34566,13.87054,24.99502,21.17493,25.31657,24.14975,7.45618,21.92757,28.11689,17.34817,21.29081,22.99575,18.48724,0.00000,19.90272,19.93138,22.59132,17.70855,14.25295,7.50139,21.65533,5.14021,22.50149,18.33620,16.07351,6.24751,13.89838,15.02815,21.23420,11.71179,16.21913,18.33950,18.29118,19.18333,6.50159,6.70047,17.86413,13.03361,22.95988,22.18316,17.93803,23.18781,9.60908,13.20576,19.73302,14.38414,17.25628,11.90765,7.06977,11.31240,25.84840,15.74618,26.91065,23.61612,17.01189,21.53210,7.35252,22.65915,25.90888,23.82977,23.32963,28.05043,22.76097,18.58127,21.67368,22.61535,8.09111,12.40611,21.21089,14.46271,21.12115,19.45392,23.39599,23.94699,4.54012,24.35529,23.55710,26.65832,4.96878,4.02041,22.67938,19.39490,18.51338,12.45208,10.45136,11.53108,11.50211,23.42745,8.72705,14.23721,8.31844,26.25191
18.98125,21.82101,20.39068,22.59857,7.45647,20.67485,3.50387,17.59745,26.45590,22.56864,8.75597,24.20592,18.34497,23.56682,19.57684,16.98830,29.56801,21.09773,28.27164,25.17477,21.29553,5.56277,19.90272,0.00000,1.65055,26.02990,25.20212,25.52169,12.55988,7.93579,19.32979,23.64051,22.84604,4.83193,13.98670,12.75925,26.35740,30.18404,8.34335,3.68909,4.35953,1.71232,1.12621,13.45900,15.07875,27.16862,16.77519,9.85788,20.53755,27.14975,12.98564,12.30771,19.22710,29.67871,6.18654,26.62039,14.52625,23.48039,23.46480,18.44465,7.20342,21.09409,19.67554,14.28155,11.11959,20.48797,19.04688,14.68807,16.80972,32.15796,18.20560,30.89567,27.72499,25.63998,21.47232,22.18016,24.48233,24.36968,20.63363,9.61884,9.24683,22.30141,13.08445,20.46645,23.19244,19.94258,22.44722,20.74676,23.88120,13.51920,12.38019,26.06379,25.38702,19.23807,23.21119,8.86691,19.62966,19.66299,18.94984,11.68400,18.98125
20.62207,21.76084,21.72749,24.05043,8.84457,21.71287,4.44196,19.23812,27.86647,23.78968,9.79766,25.73179,19.86100,25.11745,21.16863,17.62462,30.78600,22.74282,29.27189,26.51964,22.81740,7.10210,19.93138,1.65055,0.00000,27.40899,26.35432,26.44299,12.46850,9.58630,19.78261,25.08544,24.11321,5.87028,13.84567,13.92864,27.29351,31.33630,8.22593,3.92951,5.86440,2.71263,1.06171,13.60692,15.56195,28.25160,17.86284,11.50568,22.04599,28.23807,14.63191,12.97298,20.28543,30.76390,5.72059,27.68921,15.53261,23.95618,24.26836,20.08482,8.44057,22.72415,21.25047,15.66961,12.75372,21.09721,20.60314,16.33414,18.43306,33.34196,19.85362,32.10363,28.82778,26.98839,22.97607,22.79524,25.32122,25.73580,21.73926,11.25649,10.83119,23.81511,14.73489,20.85652,24.71971,21.51083,24.05454,21.16432,23.94224,15.15446,13.92467,27.23011,26.18806,20.10305,24.04012,8.57757,21.19970,20.39258,20.08211,11.89783,20.62207
12.80454,24.18123,5.76151,4.01597,18.57818,9.17300,23.11679,13.28506,1.05780,5.25751,18.10008,5.21408,8.58091,6.36093,9.66883,15.70503,5.68474,12.90254,9.54985,1.30051,6.45540,20.58038,22.59132,26.02990,27.40899,0.00000,5.74438,10.41295,23.12325,20.02410,17.45197,3.07099,4.31431,21.70314,23.52877,13.90982,10.26982,7.39150,23.80517,24.38889,21.69839,24.70623,26.36457,21.14743,17.84003,7.48052,11.03817,19.22721,6.68301,7.36164,16.13440,17.51222,9.66881,8.45341,25.64347,7.65419,13.45151,17.44302,12.35198,12.91677,19.01899,11.25568,9.00213,11.74853,16.71385,15.36606,8.85417,17.23605,12.52925,8.22017,16.07258,6.82369,7.22367,0.96414,5.89585,15.25300,11.79757,1.70667,8.20002,17.94849,17.37437,5.61186,16.77648,18.25481,5.59683,8.62709,9.39554,17.91613,23.33409,15.09948,14.18581,5.44322,12.57146,12.19264,11.93324,24.62780,8.87019,13.86476,8.95031,21.01428,12.80454
16.39158,19.07909,6.17770,7.78064,17.93969,5.07016,21.91448,16.44080,6.79330,2.98502,16.57254,10.28068,10.91102,11.22556,13.16959,11.59532,4.68078,17.10798,4.46387,4.63115,10.18921,20.19990,17.70855,25.20212,26.35432,5.74438,0.00000,4.66867,19.62148,20.68101,12.63440,7.46487,3.41271,20.48404,19.72960,12.44347,4.57670,4.98305,21.21202,22.85369,21.11828,23.66699,25.29322,17.50981,14.03982,2.46051,8.53711,20.42337,9.92042,2.37795,17.95954,14.63199,6.26723,4.70385,23.46858,2.27192,10.99750,11.93961,6.80768,16.33408,18.00184,15.44501,12.42517,11.68136,17.87431,10.35604,11.87003,19.75081,15.28016,7.01802,19.52570,5.88595,2.73283,4.79860,9.56171,9.91119,6.11668,5.18054,4.68136,18.77424,17.73665,9.78302,18.73841,13.21071,10.25616,12.11037,13.96101,12.82192,17.95242,16.93422,14.94352,0.92421,6.83614,7.87451,6.43842,21.89048,12.23850,9.15578,6.27567,17.81075,16.39158
20.08297,15.29874,9.55215,12.06497,18.78734,5.21550,22.06002,19.90348,11.46067,6.52102,16.77999,14.77788,14.32735,15.63705,16.96309,9.62527,7.85611,21.08762,3.22065,9.28261,14.26281,21.11134,14.25295,25.52169,26.44299,10.41295,4.66867,0.00000,17.70151,22.35370,9.54486,11.92450,7.40322,20.69018,17.48207,13.15546,0.89067,6.98686,20.13260,22.66741,21.82056,23.87086,25.40566,15.56068,12.17513,3.73490,9.07725,22.49097,13.82895,3.82892,20.56781,13.73267,6.65789,5.50266,22.68101,3.20017,11.03076,7.75164,2.97033,19.93984,18.53512,19.46278,16.22611,13.59112,20.05224,7.18554,15.52419,22.70782,18.58084,9.07822,23.04165,8.55071,4.41999,9.46641,13.65813,6.16189,1.85002,9.74782,5.83661,20.66879,19.36376,14.03250,21.39433,9.73416,14.63511,15.95709,18.18648,9.29131,13.81713,19.60534,17.05928,5.10036,2.21993,6.38104,2.86942,20.63932,16.02660,6.69812,7.44393,16.31131,20.08297
22.84360,9.29358,17.74938,21.25440,11.05714,14.58027,9.72855,21.68783,23.96044,18.11062,8.42412,23.95814,18.89109,23.92087,21.53884,8.14670,24.27920,24.94608,20.90482,21.89738,21.39480,12.15015,7.50139,12.55988,12.46850,23.12325,19.62148,17.70151,0.00000,15.69171,8.75545,22.03191,18.89406,9.29155,1.46001,10.60071,18.58728,24.13578,4.24651,8.87675,11.69305,11.02415,11.76821,2.14540,5.61033,20.67314,12.11763,17.32355,20.51232,20.70860,18.46470,5.86096,13.62659,22.99559,6.88280,20.03837,9.87314,12.70239,14.88598,22.35710,9.82562,24.08617,21.19196,13.98917,16.52247,10.80832,20.25419,21.12770,20.27477,26.30425,23.88705,25.39096,21.37500,22.35383,21.20074,12.35492,16.08072,21.48680,15.23555,15.71075,14.14444,22.08435,19.09608,9.41984,23.10936,21.25356,24.41555,9.82955,11.52178,18.23903,15.18008,20.53767,16.60745,11.80105,14.86276,4.00736,21.03817,11.00773,14.18530,2.36172,22.84360
11.14363,23.81801,14.91805,16.19870,4.83524,17.14184,7.27159,9.76786,20.22815,17.74913,7.78647,17.22578,11.61847,16.41527,12.16991,16.14273,24.47887,13.21515,24.51968,19.42379,14.41416,3.68017,21.65533,7.93579,9.58630,20.02410,20.68101,22.35370,15.69171,0.00000,19.14906,17.25622,17.70939,6.81606,17.09204,9.48096,23.06118,25.47197,12.48878,9.01628,4.61979,7.60988,8.83758,15.47550,15.29424,22.97839,13.33494,1.98308,13.78446,22.92858,5.12064,12.16545,15.69761,25.37949,11.90218,22.53832,11.95793,22.83539,21.08589,10.61563,5.95774,13.34231,12.40970,9.00391,3.51358,19.39603,11.95544,6.79512,9.16182,27.20163,10.28784,25.82947,23.39402,19.84967,14.72466,20.91383,21.84057,18.50533,16.68401,2.09308,2.99233,15.45464,5.15247,20.48703,16.22275,12.72614,14.87270,20.60708,25.20020,5.79911,5.87685,21.41686,22.90180,16.86602,20.70816,13.41378,12.40604,18.00643,14.97639,13.77189,11.14363
21.95693,6.83896,13.35051,16.99644,14.47879,8.29556,15.89812,21.19004,18.45329,12.20965,11.63205,19.99796,16.57603,20.38708,19.58844,3.12491,16.97598,23.68512,12.74435,16.15146,18.14822,16.53233,5.14021,19.32979,19.78261,17.45197,12.63440,9.54486,8.75545,19.14906,0.00000,17.43826,13.20531,14.81475,8.21234,10.24160,10.38519,16.42884,12.12884,15.85714,16.73163,17.62191,18.86335,6.76105,4.25327,12.98942,8.36328,20.11341,17.36937,13.05294,19.68289,7.25070,8.16036,15.03887,14.90354,12.36487,7.87158,4.17660,6.58012,21.59959,13.64922,22.36960,19.00188,12.91161,18.28970,2.36740,18.06143,22.34414,19.66559,18.56828,24.07409,17.88823,13.71162,16.53350,17.72810,3.65419,7.75600,16.08368,9.34539,18.18859,16.54505,18.47295,20.49378,1.35949,19.40557,18.90385,21.92904,1.47043,6.78286,19.02309,15.76953,13.46425,8.07198,5.35173,6.70084,12.34488,18.80569,3.58722,9.24886,8.09386,21.95693
9.76400,24.27418,4.31021,1.05933,16.24729,9.27612,20.90780,10.21516,2.99534,5.66131,16.14301,2.85650,5.66844,3.76280,6.60347,15.24091,8.64046,10.00256,11.77027,3.21912,3.38531,18.11523,22.50149,23.64051,25.08544,3.07099,7.46487,11.92450,22.03191,17.25622,17.43826,0.00000,4.64505,19.52655,22.61218,12.10820,11.99027,10.24805,22.20250,22.29283,19.28275,22.41048,24.05922,20.18563,17.08391,9.65968,9.99305,16.34184,3.64786,9.54868,13.16123,16.23479,9.29577,11.08994,23.80688,9.66822,12.16499,18.15000,13.28336,9.85923,16.82249,8.33571,5.93162,9.47700,13.86804,15.59691,5.80308,14.17654,9.47105,11.25166,13.02991,9.84176,9.57563,3.40338,2.82764,15.81716,12.98488,2.35877,8.15634,15.16622,14.73261,2.58843,13.77647,18.41691,2.81765,5.55711,6.61726,18.13606,23.76233,12.13599,11.50413,7.50522,13.91345,12.08825,12.81974,23.08277,5.79922,13.92233,8.30018,19.80080,9.76400
12.99797,19.98567,2.86264,4.66815,15.43363,4.90995,19.71735,13.02830,5.27043,1.03680,14.49313,7.48677,7.50457,8.26677,9.78819,11.39075,6.80631,13.79588,7.86346,3.03500,6.90223,17.60623,18.33620,22.84604,24.11321,4.31431,3.41271,7.40322,18.89406,17.70939,13.20531,4.64505,0.00000,18.28342,19.25208,10.25920,7.58771,7.78533,19.82301,20.83779,18.61942,21.40172,23.05413,16.88743,13.54704,5.86806,6.91605,17.29483,6.55770,5.78042,14.67350,13.39444,5.35929,7.94366,21.82496,5.66428,9.40249,13.56069,8.64129,12.92948,15.67455,12.14611,9.04318,8.81711,14.73231,11.19849,8.46324,16.37688,11.87351,9.50423,16.11671,8.15607,6.05615,3.47393,6.28574,11.26454,8.35261,2.88265,3.89441,15.73342,14.83180,6.62934,15.43414,14.07054,7.25466,8.73867,10.78964,13.75442,19.28918,13.63832,11.87402,3.89395,9.30659,7.90303,8.18039,20.60289,8.85309,9.62475,4.71503,16.83968,12.99797
16.43660,18.13478,15.97463,18.51567,3.49921,15.87176,1.43548,15.08786,22.21738,17.93395,3.94220,20.44381,14.59030,19.95486,16.33085,12.29347,24.92591,18.62770,23.45577,20.76473,17.53727,3.13843,16.07351,4.83193,5.87028,21.70314,20.48404,20.69018,9.29155,6.81606,14.81475,19.52655,18.28342,0.00000,10.74457,8.06452,21.52714,25.46607,5.70636,2.84426,2.41391,3.19967,4.80929,9.58859,10.57741,22.39348,11.99973,8.69300,16.71681,22.37823,10.86352,7.63193,14.43398,24.90557,5.27866,21.83612,9.70634,18.90918,18.65032,15.89792,2.70417,18.28309,16.28343,10.04973,8.79516,15.79814,15.52696,13.19228,13.99531,27.47343,16.46400,26.24014,22.96402,21.23725,17.61937,17.47861,19.65775,20.01347,15.87328,7.53383,6.40444,18.49085,11.25764,16.02232,19.44607,16.49494,19.31118,16.26387,19.92652,11.05188,8.95595,21.36029,20.57198,14.41088,18.38956,6.60816,16.20028,14.88772,14.21216,7.77369,16.43660
23.92774,7.92975,18.30660,21.87969,12.41264,14.75308,11.18761,22.80500,24.40253,18.41923,9.70318,24.65420,19.76413,24.67935,22.48770,8.13913,24.34607,26.00308,20.70143,22.27837,22.17090,13.57659,6.24751,13.98670,13.84567,23.52877,19.72960,17.48207,1.46001,17.09204,8.21234,22.61218,19.25208,10.74457,0.00000,11.53275,18.35754,24.09244,5.65026,10.31028,13.14231,12.46742,13.17331,2.43288,5.72837,20.61749,12.62886,18.69312,21.29337,20.66094,19.72175,6.69067,13.91825,22.87061,8.19938,19.98116,10.53407,11.95250,14.59336,23.45165,11.19285,25.08449,22.10735,14.93438,17.80949,10.41482,21.15940,22.40361,21.36783,26.26110,25.08773,25.41082,21.32950,22.72516,21.94267,11.86383,15.79074,21.92556,15.49510,17.04692,15.45913,22.81523,20.37352,8.69187,23.83626,22.14910,25.32072,9.12727,10.25208,19.45452,16.33993,20.63460,16.22959,11.85694,14.61727,5.30315,21.94660,10.84993,14.58106,3.48187,23.92774
12.54214,16.05746,8.15206,11.19089,5.64601,8.05901,9.49957,11.53136,14.53828,9.87263,4.23500,13.62914,8.30135,13.45656,10.95608,7.11766,16.86156,14.54839,15.66438,12.87710,10.91734,7.96725,13.89838,12.75925,13.92864,13.90982,12.44347,13.15546,10.60071,9.48096,10.24160,12.10820,10.25920,8.06452,11.53275,0.00000,13.93086,17.42605,10.11210,10.57887,8.75542,11.23112,12.86694,9.18452,7.21327,14.43905,4.10974,10.08573,10.03354,14.41522,9.45132,4.85808,6.58546,16.94312,11.74696,13.90772,2.51239,13.55366,11.63884,12.09823,5.56418,13.56281,10.59245,3.40162,8.07727,10.06846,9.65348,12.13487,10.03435,19.41526,14.15435,18.17590,14.97855,13.35379,10.79637,11.50500,12.45353,12.20340,7.89847,8.15054,6.59675,11.69439,10.25600,11.59970,12.71675,10.65336,13.81507,11.62596,16.82764,8.83963,5.55762,13.30947,13.48834,7.38884,11.27929,11.01589,10.43764,8.57171,6.19688,8.24344,12.54214
20.43423,16.01165,9.91348,12.20740,19.57140,5.92577,22.90269,20.30969,11.30233,6.77855,17.60919,14.82837,14.72254,15.73471,17.27885,10.51568,7.26237,21.35964,2.35956,9.20217,14.48730,21.89495,15.02815,26.35740,27.29351,10.26982,4.57670,0.89067,18.58728,23.06118,10.38519,11.99027,7.58771,21.52714,18.35754,13.93086,0.00000,6.26032,21.02073,23.52884,22.62333,24.71213,26.25392,16.44722,13.06508,3.19413,9.83559,23.14875,14.10075,3.30127,21.14028,14.61128,7.38883,4.70488,23.56443,2.75295,11.84977,8.39942,3.80547,20.31227,19.34475,19.71971,16.53735,14.23582,20.68856,8.03350,15.87031,23.22491,19.01879,8.31061,23.44250,7.86397,3.82638,9.34342,13.87287,6.94364,2.63888,9.74613,6.44613,21.34494,20.06915,14.19547,21.96115,10.52731,14.74623,16.25493,18.36867,10.07925,14.44205,20.16462,17.69404,4.85287,2.73653,7.25494,3.74031,21.52946,16.34054,7.58633,8.10461,17.20197,20.43423
19.95214,22.26982,10.63456,10.97004,22.90214,9.85667,26.89591,20.25444,8.10698,7.74990,21.55095,12.60416,14.99301,13.75091,16.73304,15.99660,1.83843,20.23951,4.12875,7.05119,13.53184,25.14856,21.23420,30.18404,31.33630,7.39150,4.98305,6.98686,24.13578,25.47197,16.42884,10.24805,7.78533,25.46607,24.09244,17.42605,6.26032,0.00000,26.02025,27.81817,26.08520,28.64992,30.27534,21.99624,18.52593,3.47576,13.50194,25.07918,13.53036,3.43181,22.38984,19.44103,11.16831,1.76959,28.35105,4.11192,15.93695,14.65274,9.92529,19.99745,22.98273,18.57771,16.01707,16.51571,22.51620,14.06221,15.66598,23.92212,19.28360,2.16948,23.19958,1.67471,2.76349,6.84788,12.91846,13.14535,8.83686,7.99804,9.62729,23.51214,22.56540,12.83324,23.12734,16.70591,12.95547,15.65981,16.77324,16.26783,20.67398,21.34800,19.65486,4.12830,8.97393,12.35004,9.74091,26.65535,15.85669,13.26006,11.25503,22.47332,19.95214
21.16593,13.53983,18.12013,21.29975,8.37395,16.17591,5.77565,19.89168,24.51590,19.20459,6.53000,23.70732,18.14805,23.45820,20.43512,10.60417,25.87966,23.34380,23.23093,22.67893,20.92857,8.81319,11.71179,8.34335,8.22593,23.80517,21.21202,20.13260,4.24651,12.48878,12.12884,22.20250,19.82301,5.70636,5.65026,10.11210,21.02073,26.02025,0.00000,4.68526,8.08640,6.86658,7.52488,5.53262,8.17178,22.65210,12.92237,14.30804,20.05223,22.66720,16.07959,6.58318,14.95669,25.09952,2.78868,22.03497,10.42146,16.26909,17.55331,20.64481,7.14696,22.73543,20.22467,13.18402,14.02873,13.82780,19.35010,18.58849,18.61550,28.15597,21.67412,27.09534,23.31455,23.15308,20.85795,15.49201,18.70797,22.10737,16.57345,12.95158,11.57232,21.75727,16.58864,13.04132,22.77226,20.35933,23.41639,13.39989,15.72778,16.07054,13.38768,22.13473,19.40589,13.83046,17.43088,0.99458,20.10103,13.55628,15.19677,4.03945,21.16593
19.19161,18.13193,18.63723,21.29238,6.33933,18.07379,1.76992,17.83084,24.93784,20.42279,6.34480,23.27141,17.42581,22.79443,19.16849,13.71147,27.38012,21.37743,25.56442,23.41187,20.36857,5.53446,16.21913,3.68909,3.92951,24.38889,22.85369,22.66741,8.87675,9.01628,15.85714,22.29283,20.83779,2.84426,10.31028,10.57887,23.52884,27.81817,4.68526,0.00000,4.40913,2.19207,3.02131,9.79637,11.63273,24.64398,14.31762,10.98291,19.54293,24.63754,13.48839,9.08062,16.68044,27.15215,2.98441,24.06503,11.89982,20.02927,20.41408,18.65113,5.50775,21.08362,19.12672,12.82194,11.43987,17.17521,18.37112,15.67346,16.78339,29.86897,19.04253,28.67532,25.24502,23.88691,20.44018,18.87339,21.48662,22.69047,18.19122,10.08613,9.12355,21.31551,13.80951,16.94313,22.27629,19.33910,22.14515,17.24506,20.20465,13.75893,11.79070,23.74850,22.32954,16.29953,20.20146,5.29664,19.04420,16.50769,16.58630,8.04274,19.19161
15.02441,20.43029,16.09731,18.23986,3.18920,16.80173,2.65321,13.64684,22.10795,18.39956,5.23309,19.86856,14.00001,19.25505,15.34804,14.02319,25.38514,17.18949,24.41420,20.86810,16.95492,1.25991,18.33950,4.35953,5.86440,21.69839,21.11828,21.82056,11.69305,4.61979,16.73163,19.28275,18.61942,2.41391,13.14231,8.75542,22.62333,26.08520,8.08640,4.40913,0.00000,3.34888,4.89474,11.89196,12.55682,23.18121,12.85562,6.57678,16.18842,23.15412,9.17595,9.48107,15.33180,25.67879,7.28417,22.65769,10.80532,20.73993,20.01126,14.48307,3.30316,17.03128,15.40541,9.95779,7.16813,17.49833,14.74380,11.27554,12.71872,28.01281,14.67597,26.72267,23.70500,21.33009,17.12101,19.14631,20.94754,20.04782,16.64539,5.74758,5.02930,17.95544,9.44338,17.98925,18.85617,15.65918,18.26555,18.19712,22.13339,9.54405,8.06277,21.95696,21.91879,15.71591,19.70927,8.95860,15.34977,16.42148,14.93096,10.08943,15.02441
18.35128,20.24091,19.01757,21.38019,6.16334,19.07136,1.81369,16.97083,25.17386,21.08422,7.14186,23.12649,17.25059,22.54714,18.68680,15.27795,28.08210,20.50745,26.65293,23.81018,20.21011,4.60855,18.29118,1.71232,2.71263,24.70623,23.66699,23.87086,11.02415,7.60988,17.62191,22.41048,21.40172,3.19967,12.46742,11.23112,24.71213,28.64992,6.86658,2.19207,3.34888,0.00000,1.65896,11.82126,13.36999,25.59119,15.19631,9.59004,19.42432,25.57534,12.44858,10.59772,17.63336,28.10309,5.03167,25.03501,12.90353,21.77010,21.77977,17.81041,5.72815,20.37648,18.72956,12.97448,10.47714,18.77680,18.04830,14.39772,16.06501,30.64637,17.86245,29.40198,26.15913,24.27940,20.34856,20.46946,22.80614,23.03025,19.06732,9.02139,8.37796,21.19737,12.65376,18.76466,22.11707,18.97611,21.61154,19.04172,22.25296,12.86687,11.36846,24.53859,23.70199,17.56685,21.53206,7.48761,18.66899,17.96299,17.39951,10.03176,18.35128
19.77929,21.05669,20.67639,23.02687,7.81271,20.65901,3.38289,18.39574,26.82939,22.72839,8.73962,24.74227,18.86808,24.14474,20.23542,16.64723,29.72451,21.91630,28.22339,25.46906,21.82651,6.14665,19.18333,1.12621,1.06171,26.36457,25.29322,25.40566,11.76821,8.83758,18.86335,24.05922,23.05413,4.80929,13.17331,12.86694,26.25392,30.27534,7.52488,3.02131,4.89474,1.65896,0.00000,12.79760,14.62867,27.19443,16.80421,10.78923,21.04788,27.18049,13.81843,11.98307,19.22943,29.70672,5.20324,26.63317,14.48054,23.03172,23.25305,19.24013,7.38335,21.85003,20.29975,14.63048,11.89928,20.12972,19.63671,15.62262,17.54771,32.28033,19.12522,31.04197,27.76921,25.93832,21.97515,21.82696,24.29882,24.68904,20.67999,10.41503,9.90170,22.81920,13.96258,19.95995,23.73138,20.55391,23.13954,20.25820,23.18212,14.29942,12.95479,26.16867,25.17385,19.07390,23.01938,7.97089,20.24451,19.39273,19.02141,11.05739,19.77929
21.65917,8.54644,15.88225,19.44837,10.67837,12.48471,10.30898,20.57097,22.00878,16.07663,7.81427,22.22168,17.36851,22.25216,20.12386,6.00315,22.15894,23.70805,18.76172,19.90595,19.74717,12.13225,6.50159,13.45900,13.60692,21.14743,17.50981,15.56068,2.14540,15.47550,6.76105,20.18563,16.88743,9.58859,2.43288,9.18452,16.44722,21.99624,5.53262,9.79637,11.89196,11.82126,12.79760,0.00000,3.47661,18.53164,10.20935,16.94733,18.87086,18.56789,17.69285,4.32644,11.57953,20.85040,8.31672,17.89659,8.10225,10.82081,12.75846,21.19367,9.51777,22.74732,19.72723,12.58132,15.84892,8.72045,18.77559,20.40126,19.11230,24.16511,22.95188,23.26114,19.23467,20.35689,19.51396,10.30229,13.95142,19.53190,13.17528,15.20981,13.57753,20.38516,18.38134,7.55774,21.40568,19.76027,22.93362,7.93858,10.43288,17.35613,14.17543,18.42344,14.49919,9.67065,12.72685,5.61908,19.56348,8.86490,12.19721,1.81799,21.65917
19.66927,8.87416,12.77716,16.41793,10.51135,9.03258,11.64525,18.71508,18.73463,12.69851,7.58524,19.28768,14.85712,19.43041,17.75861,2.55578,18.68391,21.59939,15.35516,16.57900,16.98354,12.44366,6.70047,15.07875,15.56195,17.84003,14.03982,12.17513,5.61033,15.29424,4.25327,17.08391,13.54704,10.57741,5.72837,7.21327,13.06508,18.52593,8.17178,11.63273,12.55682,13.36999,14.62867,3.47661,0.00000,15.06521,7.11351,16.44654,16.12768,15.09973,16.49833,3.14416,8.19922,17.40289,10.88605,14.43092,5.41853,8.40563,9.45634,19.24710,9.57857,20.47888,17.28104,10.41582,14.88409,5.66465,16.31917,19.21661,17.20487,20.69420,21.36669,19.78462,15.76576,17.02088,16.68542,7.34402,10.63446,16.26068,9.76794,14.56496,12.89654,17.52735,17.26543,5.44685,18.53193,17.26390,20.42026,5.68913,9.92913,15.97925,12.69444,14.95166,11.26999,6.19405,9.38016,8.55133,17.10225,5.48745,8.91379,4.18785,19.66927
