0.00000,49.37500,178.75000,228.12500,30.54939,15.93638,17.66573,32.43937,149.40115,165.00710,194.77924,210.39279,228.65948,179.43161,125.01650,51.78833,15.62500,57.79327,19.87500,53.22505,179.85154,228.98915,212.07340,196.59337,167.14468,151.75870,41.97991,31.96996,31.04784,40.53721,35.50000,60.81234,182.24108,230.87067,236.86511,189.77783,80.63469,63.75000,77.36571,72.84336,73.24115,78.13130,165.44754,179.66505,207.34305,222.07502,241.53966,195.58107,148.17663,93.47877,79.37500,98.32217,83.62500,97.11350,197.34412,242.96946,229.29743,215.06078,188.51931,175.02254,96.77035,92.86692,92.55353,96.15328,99.25000,110.85330,204.45568,248.78018,261.33746,219.56278,136.72652,127.50000,138.44047,135.96495,136.17848,138.86977,201.37826,213.21314,237.00518,249.99525,269.30611,228.98980,151.40230,143.12500,155.31440,147.37500,155.42613,190.81830,231.66992,271.58867,261.35727,248.96075,226.42845,215.32116,158.41342,156.05953,155.87324,158.03723,163.00000,170.31409,241.91024,280.37478,297.68705,261.77877,197.52077,191.25000,201.18201,199.48661,199.63220,201.47767,248.72000,258.39559,278.35210,289.49277,307.95825,273.40232,212.68558,206.87500,216.11571,211.12500,216.82172,242.88899,276.63212,310.82918,303.58864,292.98445,274.09539,264.99366,221.25381,219.57462,219.44226,220.98462,321.64667,288.73366,232.06347,226.75000,0.00000
49.37500,0.00000,129.37500,178.75000,79.30459,63.77266,34.38477,19.48276,100.12539,115.70983,145.45661,161.06157,179.43161,130.31512,76.46374,15.62500,51.78833,105.87352,53.22505,19.87500,130.89273,179.85154,163.25081,147.87706,118.73822,103.61029,33.00876,43.50072,69.11550,83.66133,60.81234,35.50000,134.15715,182.24108,189.77783,144.22882,63.75000,80.63469,106.49604,95.49419,78.95885,73.70051,122.78958,135.79747,161.89445,176.04833,195.58107,151.78367,110.33536,79.37500,93.47877,132.42504,97.11350,83.62500,154.04880,197.34412,185.07570,171.66774,147.31243,135.41522,93.22964,97.43972,111.26158,120.83628,110.85330,99.25000,163.05966,204.45568,219.56278,181.64289,127.50000,136.72652,156.59412,149.33001,139.33705,136.42609,168.09995,177.82369,198.46946,210.17452,228.98980,192.93174,143.12500,151.40230,178.86225,155.42613,147.37500,163.18457,196.10528,231.66992,223.56952,212.60321,193.47161,184.57409,156.27565,158.82321,167.65874,174.16004,170.31409,163.00000,208.10308,241.91024,261.77877,230.89923,191.25000,197.52077,214.07979,208.82502,201.80002,199.80119,222.63430,230.06456,246.37078,255.89405,273.40232,243.99827,206.87500,212.68558,233.61323,216.82172,211.12500,221.83922,247.61191,276.63212,271.73841,262.78996,247.56757,240.67827,219.72828,221.54740,227.96467,232.78779,288.73366,261.06216,226.75000,232.06347,49.37500
178.75000,129.37500,0.00000,49.37500,208.44412,192.83080,163.05928,147.45381,30.54939,15.93638,17.66573,32.43937,51.78833,15.62500,57.79327,130.31512,179.43161,234.42296,179.85154,130.89273,19.87500,53.22505,41.97991,31.96996,31.04784,40.53721,149.84200,165.22206,194.66309,210.14032,182.24108,134.15715,35.50000,60.81234,80.63469,63.75000,144.22882,189.77783,220.22974,205.51376,177.87781,163.69121,77.36571,72.84336,73.24115,78.13130,93.47877,79.37500,98.32217,151.78367,195.58107,247.55063,197.34412,154.04880,83.62500,97.11350,96.77035,92.86692,92.55353,96.15328,173.36324,186.81680,213.29769,227.51075,204.45568,163.05966,99.25000,110.85330,136.72652,127.50000,181.64289,219.56278,248.35751,235.40650,211.70930,199.93780,138.44047,135.96495,136.17848,138.86977,151.40230,143.12500,192.93174,228.98980,275.20288,231.66992,196.10528,155.31440,147.37500,155.42613,158.41342,156.05953,155.87324,158.03723,213.97459,225.01295,247.43932,259.79117,241.91024,208.10308,163.00000,170.31409,197.52077,191.25000,230.89923,261.77877,288.07966,276.99216,257.15611,247.55517,201.18201,199.48661,199.63220,201.47767,212.68558,206.87500,243.99827,273.40232,313.56030,276.63212,247.61191,216.11571,211.12500,216.82172,221.25381,219.57462,219.44226,220.98462,263.90067,272.92722,291.69274,302.24144,232.06347,226.75000,261.06216,288.73366,178.75000
228.12500,178.75000,49.37500,0.00000,257.79152,242.17404,212.39144,196.77767,79.30459,63.77266,34.38477,19.48276,15.62500,51.78833,105.87352,179.43161,228.65948,283.68086,228.98915,179.85154,53.22505,19.87500,33.00876,43.50072,69.11550,83.66133,198.57355,214.05636,243.63552,259.16494,230.87067,182.24108,60.81234,35.50000,63.75000,80.63469,189.77783,236.86511,267.41102,252.38949,223.96945,209.22151,106.49604,95.49419,78.95885,73.70051,79.37500,93.47877,132.42504,195.58107,241.53966,294.62182,242.96946,197.34412,97.11350,83.62500,93.22964,97.43972,111.26158,120.83628,216.87241,231.13267,258.76718,273.43858,248.78018,204.45568,110.85330,99.25000,127.50000,136.72652,219.56278,261.33746,291.01369,277.27381,251.67961,238.65027,156.59412,149.33001,139.33705,136.42609,143.12500,151.40230,228.98980,269.30611,318.20957,271.58867,231.66992,178.86225,155.42613,147.37500,156.27565,158.82321,167.65874,174.16004,250.52735,262.96887,287.56002,300.83046,280.37478,241.91024,170.31409,163.00000,191.25000,197.52077,261.77877,297.68705,325.57243,313.35156,290.94856,279.75416,214.07979,208.82502,201.80002,199.80119,206.87500,212.68558,273.40232,307.95825,351.91017,310.82918,276.63212,233.61323,216.82172,211.12500,219.72828,221.54740,227.96467,232.78779,294.31682,304.97715,326.41875,338.16772,226.75000,232.06347,288.73366,321.64667,228.12500
30.54939,79.30459,208.44412,257.79152,0.00000,15.62500,45.42500,61.05000,178.75000,194.37500,224.17500,239.80000,257.79531,208.44881,153.62581,79.31690,30.58134,27.34415,31.94085,79.85093,208.65260,257.96012,240.63258,225.06539,195.40123,179.86540,64.24253,49.63296,25.37993,20.00000,40.53721,83.66133,210.14032,259.16494,263.68998,215.69629,96.77373,63.31826,63.75000,65.63690,78.27831,88.26758,189.77783,204.56222,233.06328,248.12921,267.44447,220.27036,170.11747,106.58000,77.48124,78.01772,81.42615,109.48137,221.68876,268.61389,254.00414,239.30836,211.64995,197.39713,103.63959,95.27588,85.19509,83.75000,96.15328,120.83628,227.51075,273.43858,284.14163,240.26850,143.41973,123.34207,127.50000,128.45385,135.35021,141.36249,219.56278,232.46051,257.89665,271.58846,291.07181,248.42560,156.70209,138.56260,139.83545,142.71770,160.38796,205.92994,250.76689,293.07260,281.53204,268.34806,244.00387,231.74946,159.63506,154.33626,148.32529,147.50000,158.03723,174.16004,259.79117,300.83046,316.33630,277.59888,199.75336,185.86407,191.25000,191.88721,196.57058,200.75773,261.77877,272.68701,294.67099,306.72561,325.64885,288.16602,214.19599,201.30566,202.85282,205.51057,218.15258,252.98706,291.11901,328.26483,319.57879,308.02759,287.06829,276.72753,219.89467,216.07867,211.82706,211.25000,338.16772,302.24144,232.78779,220.98462,30.54939
15.93638,63.77266,192.83080,242.17404,15.62500,0.00000,29.80000,45.42500,163.12500,178.75000,208.55000,224.17500,242.17807,192.83587,138.03770,63.78797,15.99754,42.27476,18.46405,64.45080,193.05613,242.35350,225.06539,209.50681,179.86540,164.34648,49.63296,35.88927,20.00000,25.37993,31.04784,69.11550,194.66309,243.63552,248.44356,200.64809,84.51562,57.70533,65.63690,63.75000,70.37118,78.27831,175.13945,189.77783,218.07605,233.06328,252.42493,205.55728,156.18408,95.58782,72.96606,84.41693,77.14221,98.81248,207.07649,253.66359,239.30836,224.73799,197.39713,183.36801,95.27588,88.89377,83.75000,85.19509,92.55353,111.26158,213.29769,258.76718,270.05234,226.85616,135.45092,120.55691,128.45385,127.50000,130.93621,135.35021,207.04110,219.56278,244.43681,257.89665,277.33480,235.47833,149.44324,136.08930,143.50403,140.31766,153.30372,194.57815,237.94705,279.43397,268.34806,255.43953,231.74946,219.92275,154.33626,150.48020,147.50000,148.32529,155.87324,167.65874,247.43932,287.56002,303.74406,266.07500,194.11115,184.02759,191.88721,191.25000,193.55775,196.57058,251.36891,261.77877,282.96584,294.67099,313.43096,277.08198,208.94414,199.61130,205.39892,203.85116,212.99831,243.83595,280.15183,316.14806,308.02759,296.84957,276.72753,266.90135,216.07867,213.34152,211.25000,211.82706,326.41875,291.69274,227.96467,219.44226,15.93638
17.66573,34.38477,163.05928,212.39144,45.42500,29.80000,0.00000,15.62500,133.32500,148.95000,178.75000,194.37500,212.39604,163.06527,108.33751,34.41316,17.72093,71.57699,19.97577,35.62675,163.32569,212.59604,195.40123,179.86540,150.28673,134.81675,25.37993,20.00000,35.88927,49.63296,31.96996,43.50072,165.22206,214.05636,219.51324,172.23317,65.25527,58.20666,78.27831,70.37118,63.75000,65.63690,147.78233,162.01903,189.77783,204.56222,224.00938,177.92809,130.67547,79.07206,73.36318,102.28552,77.51794,82.94134,179.68105,225.40425,211.64995,197.39713,170.88056,157.44719,85.19509,83.75000,88.89377,95.27588,92.86692,97.43972,186.81680,231.13267,243.70089,202.15917,124.34755,120.79767,135.35021,130.93621,127.50000,128.45385,184.47711,196.06721,219.56278,232.46051,251.74680,211.78918,139.45838,136.30263,154.69168,140.52458,143.58757,174.76632,214.53067,254.05748,244.00387,231.74946,209.62431,198.82607,148.32529,147.50000,150.48020,154.33626,156.05953,158.82321,225.01295,262.96887,280.57497,245.35793,186.53284,184.18541,196.57058,193.55775,191.25000,191.88721,233.13541,242.41012,261.77877,272.68701,291.03407,257.25285,201.92329,199.75681,213.36548,203.99364,206.11560,228.33874,260.55644,293.95825,287.06829,276.72753,258.48146,249.80416,211.82706,211.25000,213.34152,216.07867,304.97715,272.92722,221.54740,219.57462,17.66573
32.43937,19.48276,147.45381,196.77767,61.05000,45.42500,15.62500,0.00000,117.70000,133.32500,163.12500,178.75000,196.78264,147.46043,92.79042,19.53282,32.46946,87.07612,33.75301,21.59933,147.74836,196.99849,179.86540,164.34648,134.81675,119.38714,20.00000,25.37993,49.63296,64.24253,41.97991,33.00876,149.84200,198.57355,204.44410,157.53908,58.78363,64.25146,88.26758,78.27831,65.63690,63.75000,133.85572,147.78233,175.13945,189.77783,209.26426,163.74585,118.10641,73.82179,78.24571,113.67195,82.15391,77.95211,165.64896,210.75675,197.39713,183.36801,157.44719,144.45537,83.75000,85.19509,95.27588,103.63959,96.77035,93.22964,173.36324,216.87241,230.22044,189.79627,121.07674,123.82372,141.36249,135.35021,128.45385,127.50000,173.52101,184.47711,207.04110,219.56278,238.72114,200.02238,136.55001,138.99151,162.44538,143.13417,140.76454,165.57872,202.92290,241.15665,231.74946,219.92275,198.82607,188.70490,147.50000,148.32529,154.33626,159.63506,158.41342,156.27565,213.97459,250.52735,268.94914,235.27603,184.36856,186.18405,200.75773,196.57058,191.88721,191.25000,224.56592,233.13541,251.36891,261.77877,279.84309,247.65566,199.92569,201.60113,219.05208,205.80000,204.15902,221.38569,251.08555,282.88298,276.72753,266.90135,249.80416,241.82608,211.25000,211.82706,216.07867,219.89467,294.31682,263.90067,219.72828,221.25381,32.43937
149.40115,100.12539,30.54939,79.30459,178.75000,163.12500,133.32500,117.70000,0.00000,15.62500,45.42500,61.05000,79.31690,30.58134,27.34415,100.13514,149.40768,204.44471,149.69187,100.55867,31.94085,79.85093,64.24253,49.63296,25.37993,20.00000,119.38714,134.81675,164.34648,179.86540,151.75870,103.61029,40.53721,83.66133,96.77373,63.31826,114.45973,159.36323,189.77783,175.13945,147.78233,133.85572,63.75000,65.63690,78.27831,88.26758,106.58000,77.48124,78.01772,122.86241,165.50160,217.10989,167.38475,125.38758,81.42615,109.48137,103.63959,95.27588,85.19509,83.75000,144.45537,157.44719,183.36801,197.39713,175.02254,135.41522,96.15328,120.83628,143.41973,123.34207,155.90091,191.31310,219.56278,207.04110,184.47711,173.52101,127.50000,128.45385,135.35021,141.36249,156.70209,138.56260,168.20054,201.46223,246.17857,204.34231,171.63966,139.83545,142.71770,160.38796,159.63506,154.33626,148.32529,147.50000,188.70490,198.82607,219.92275,231.74946,215.32116,184.57409,158.03723,174.16004,199.75336,185.86407,208.89538,236.50135,261.77877,251.36891,233.13541,224.56592,191.25000,191.88721,196.57058,200.75773,214.19599,201.30566,222.74604,248.82003,286.70403,252.23408,226.55335,202.85282,205.51057,218.15258,219.89467,216.07867,211.82706,211.25000,241.82608,249.80416,266.90135,276.72753,232.78779,220.98462,240.67827,264.99366,149.40115
165.00710,115.70983,15.93638,63.77266,194.37500,178.75000,148.95000,133.32500,15.62500,0.00000,29.80000,45.42500,63.78797,15.99754,42.27476,115.71827,165.01302,220.05234,165.27037,116.08496,18.46405,64.45080,49.63296,35.88927,20.00000,25.37993,134.81675,150.28673,179.86540,195.40123,167.14468,118.73822,31.04784,69.11550,84.51562,57.70533,128.31486,174.07837,204.56222,189.77783,162.01903,147.78233,65.63690,63.75000,70.37118,78.27831,95.58782,72.96606,84.41693,135.86333,179.71483,231.86654,181.45053,138.15107,77.14221,98.81248,95.27588,88.89377,83.75000,85.19509,157.44719,170.88056,197.39713,211.64995,188.51931,147.31243,92.55353,111.26158,135.45092,120.55691,166.33931,203.73351,232.46051,219.56278,196.06721,184.47711,128.45385,127.50000,130.93621,135.35021,149.44324,136.08930,177.91878,213.29245,259.28610,216.01486,181.17352,143.50403,140.31766,153.30372,154.33626,150.48020,147.50000,148.32529,198.82607,209.62431,231.74946,244.00387,226.42845,193.47161,155.87324,167.65874,194.11115,184.02759,216.79703,246.65671,272.68701,261.77877,242.41012,233.13541,191.88721,191.25000,193.55775,196.57058,208.94414,199.61130,230.17269,258.49187,298.03455,261.77981,233.85913,205.39892,203.85116,212.99831,216.07867,213.34152,211.25000,211.82706,249.80416,258.48146,276.72753,287.06829,227.96467,219.44226,247.56757,274.09539,165.00710
194.77924,145.45661,17.66573,34.38477,224.17500,208.55000,178.75000,163.12500,45.42500,29.80000,0.00000,15.62500,34.41316,17.72093,71.57699,145.46332,194.78426,249.82522,195.00232,145.75520,19.97577,35.62675,25.37993,20.00000,35.88927,49.63296,164.34648,179.86540,209.50681,225.06539,196.59337,147.87706,31.96996,43.50072,65.25527,58.20666,155.67133,202.52133,233.06328,218.07605,189.77783,175.13945,78.27831,70.37118,63.75000,65.63690,79.07206,73.36318,102.28552,161.94969,207.38619,260.29157,208.89209,163.87367,77.51794,82.94134,85.19509,83.75000,88.89377,95.27588,183.36801,197.39713,224.73799,239.30836,215.06078,171.66774,92.86692,97.43972,124.34755,120.79767,188.24884,228.51467,257.89665,244.43681,219.56278,207.04110,135.35021,130.93621,127.50000,128.45385,139.45838,136.30263,198.55466,237.07653,284.98928,239.52877,201.47631,154.69168,140.52458,143.58757,148.32529,147.50000,150.48020,154.33626,219.92275,231.74946,255.43953,268.34806,248.96075,212.60321,156.05953,158.82321,186.53284,184.18541,234.02951,267.49045,294.67099,282.96584,261.77877,251.36891,196.57058,193.55775,191.25000,191.88721,201.92329,199.75681,246.47176,278.44148,320.64654,281.49650,249.91789,213.36548,203.99364,206.11560,211.82706,211.25000,213.34152,216.07867,266.90135,276.72753,296.84957,308.02759,221.54740,219.57462,262.78996,292.98445,194.77924
210.39279,161.06157,32.43937,19.48276,239.80000,224.17500,194.37500,178.75000,61.05000,45.42500,15.62500,0.00000,19.53282,32.46946,87.07612,161.06763,210.39743,265.43843,210.59933,161.33128,33.75301,21.59933,20.00000,25.37993,49.63296,64.24253,179.86540,195.40123,225.06539,240.63258,212.07340,163.25081,41.97991,33.00876,58.78363,64.25146,170.34308,217.58001,248.12921,233.06328,204.56222,189.77783,88.26758,78.27831,65.63690,63.75000,73.82179,78.24571,113.67195,176.09914,222.11529,275.31187,223.52199,177.87012,82.15391,77.95211,83.75000,85.19509,95.27588,103.63959,197.39713,211.64995,239.30836,254.00414,229.29743,185.07570,96.77035,93.22964,121.07674,123.82372,200.55131,241.96100,271.58846,257.89665,232.46051,219.56278,141.36249,135.35021,128.45385,127.50000,136.55001,138.99151,210.25498,250.06290,298.77050,252.38899,213.01621,162.44538,143.13417,140.76454,147.50000,148.32529,154.33626,159.63506,231.74946,244.00387,268.34806,281.53204,261.35727,223.56952,158.41342,156.27565,184.36856,186.18405,244.03487,279.06507,306.72561,294.67099,272.68701,261.77877,200.75773,196.57058,191.88721,191.25000,199.92569,201.60113,255.99127,289.57871,332.95514,292.51744,259.31093,219.05208,205.80000,204.15902,211.25000,211.82706,216.07867,219.89467,276.72753,287.06829,308.02759,319.57879,219.72828,221.25381,271.73841,303.58864,210.39279
228.65948,179.43161,51.78833,15.62500,257.79531,242.17807,212.39604,196.78264,79.31690,63.78797,34.41316,19.53282,0.00000,49.37500,104.39663,178.75000,228.12500,283.13297,228.16459,178.80052,49.55757,4.25000,21.59933,35.62675,64.45080,79.85093,196.99849,212.59604,242.35350,257.96012,228.98915,179.85154,53.22505,19.87500,48.12500,68.94858,185.11504,233.14594,263.66346,248.41541,219.48138,204.40990,96.70145,84.43285,65.14803,58.66457,63.75000,80.63469,123.42470,189.77783,236.86511,290.68760,238.04415,191.24739,84.03506,68.00000,77.95211,82.94134,98.81248,109.48137,210.75675,225.40425,253.66359,268.61389,242.96946,197.34412,97.11350,83.62500,111.87500,122.28617,210.87337,254.08076,284.08898,269.99693,243.63949,230.15545,143.31537,135.34042,124.22717,120.95312,127.50000,136.72652,219.56278,261.33746,311.38787,263.43705,222.05771,166.42350,140.69809,131.75000,140.76454,143.58757,153.30372,160.38796,241.15665,254.05748,279.43397,293.07260,271.58867,231.66992,155.42613,147.37500,175.62500,182.43364,250.59071,287.89782,316.26381,303.66856,280.49323,268.86387,199.63854,193.99299,186.40987,184.24415,191.25000,197.52077,261.77877,297.68705,342.86099,300.43513,264.89963,219.74538,201.63864,195.50000,204.15902,206.11560,212.99831,218.15258,282.88298,293.95825,316.14806,328.26483,211.12500,216.82172,276.63212,310.82918,228.65948
179.43161,130.31512,15.62500,51.78833,208.44881,192.83587,163.06527,147.46043,30.58134,15.99754,17.72093,32.46946,49.37500,0.00000,55.04104,129.37500,178.75000,233.75966,178.80052,129.44479,4.25000,49.55757,33.75301,19.97577,18.46405,31.94085,147.74836,163.32569,193.05613,208.65260,179.85154,130.89273,19.87500,53.22505,68.94858,48.12500,138.03589,185.11504,215.66387,200.61324,172.19257,157.49469,63.20774,57.58404,58.08641,64.14254,80.63469,63.75000,85.81676,144.22882,189.77783,242.85506,191.24739,146.15708,68.00000,84.03506,82.15391,77.51794,77.14221,81.42615,165.64896,179.68105,207.07649,221.68876,197.34412,154.04880,83.62500,97.11350,122.28617,111.87500,171.03773,210.87337,240.20623,226.79020,202.08515,189.71743,123.22071,120.43275,120.67376,123.70283,136.72652,127.50000,181.64289,219.56278,267.28581,222.05771,184.65090,140.81066,131.75000,140.69809,143.13417,140.52458,140.31766,142.71770,202.92290,214.53067,237.94705,250.76689,231.66992,196.10528,147.37500,155.42613,182.43364,175.62500,218.13306,250.59071,277.51627,265.98881,245.26446,235.17856,185.74066,183.90295,184.06088,186.06085,197.52077,191.25000,230.89923,261.77877,303.36933,264.89963,234.43153,201.04450,195.50000,201.63864,205.80000,203.99364,203.85116,205.51057,251.08555,260.55644,280.15183,291.11901,216.82172,211.12500,247.61191,276.63212,179.43161
125.01650,76.46374,57.79327,105.87352,153.62581,138.03770,108.33751,92.79042,27.34415,42.27476,71.57699,87.07612,104.39663,55.04104,0.00000,74.40535,123.76824,178.75000,123.76824,74.40535,55.04104,104.39663,87.07612,71.57699,42.27476,27.34415,92.79042,108.33751,138.03770,153.62581,125.01650,76.46374,57.79327,105.87352,114.06200,71.70077,87.45079,132.02296,162.44985,147.79536,120.52418,106.76668,59.47071,67.64775,88.95127,101.83964,121.20966,82.59928,63.75000,96.58820,138.24508,189.77783,140.19122,99.35369,85.81676,123.42470,113.67195,102.28552,84.41693,78.01772,118.10641,130.67547,156.18408,170.11747,148.17663,110.33536,98.32217,132.42504,151.45693,122.76018,132.57716,165.40594,193.15056,180.99905,159.50945,149.38645,120.22459,124.47251,137.22068,145.90579,163.13501,136.90833,145.77562,176.16172,219.56278,179.21134,149.44658,127.50000,140.81066,166.42350,162.44538,154.69168,143.50403,139.83545,165.57872,174.76632,194.57815,205.92994,190.81830,163.18457,155.31440,178.86225,202.47565,182.00893,188.76941,213.11103,237.38672,227.60924,210.92316,203.37558,183.02804,185.84595,194.61456,200.83280,216.01483,196.96006,203.22378,226.01400,261.77877,229.58213,207.18478,191.25000,201.04450,219.74538,219.05208,213.36548,205.39892,202.85282,221.38569,228.33874,243.83595,252.98706,233.61323,216.11571,221.83922,242.88899,125.01650
51.78833,15.62500,130.31512,179.43161,79.31690,63.78797,34.41316,19.53282,100.13514,115.71827,145.46332,161.06763,178.75000,129.37500,74.40535,0.00000,49.37500,104.39663,49.55757,4.25000,129.44479,178.80052,161.33128,145.75520,116.08496,100.55867,21.59933,35.62675,64.45080,79.85093,53.22505,19.87500,130.89273,179.85154,185.11504,138.03589,48.12500,68.94858,96.70145,84.43285,65.14803,58.66457,114.39863,128.26035,155.62641,170.30203,189.77783,144.22882,99.35369,63.75000,80.63469,123.42470,84.03506,68.00000,146.15708,191.24739,177.87012,163.87367,138.15107,125.38758,77.95211,82.94134,98.81248,109.48137,97.11350,83.62500,154.04880,197.34412,210.87337,171.03773,111.87500,122.28617,143.31537,135.34042,124.22717,120.95312,155.80491,166.24934,188.16935,200.47670,219.56278,181.64289,127.50000,136.72652,166.42350,140.69809,131.75000,149.44658,184.65090,222.05771,213.01621,201.47631,181.17352,171.63966,140.76454,143.58757,153.30372,160.38796,155.42613,147.37500,196.10528,231.66992,250.59071,218.13306,175.62500,182.43364,199.63854,193.99299,186.40987,184.24415,208.78559,216.69124,233.93151,243.94089,261.77877,230.89923,191.25000,197.52077,219.74538,201.63864,195.50000,207.18478,234.43153,264.89963,259.31093,249.91789,233.85913,226.55335,204.15902,206.11560,212.99831,218.15258,276.63212,247.61191,211.12500,216.82172,51.78833
15.62500,51.78833,179.43161,228.65948,30.58134,15.99754,17.72093,32.46946,149.40768,165.01302,194.78426,210.39743,228.12500,178.75000,123.76824,49.37500,0.00000,55.04104,4.25000,49.55757,178.80052,228.16459,210.59933,195.00232,165.27037,149.69187,33.75301,19.97577,18.46405,31.94085,19.87500,53.22505,179.85154,228.98915,233.14594,185.11504,68.94858,48.12500,63.20774,57.58404,58.08641,64.14254,159.31935,174.03820,202.48681,217.54788,236.86511,189.77783,140.19122,80.63469,63.75000,85.81676,68.00000,84.03506,191.24739,238.04415,223.52199,208.89209,181.45053,167.38475,82.15391,77.51794,77.14221,81.42615,83.62500,97.11350,197.34412,242.96946,254.08076,210.87337,122.28617,111.87500,123.22071,120.43275,120.67376,123.70283,191.23488,203.66006,228.44919,241.89916,261.33746,219.56278,136.72652,127.50000,140.81066,131.75000,140.69809,179.21134,222.05771,263.43705,252.38899,239.52877,216.01486,204.34231,143.13417,140.52458,140.31766,142.71770,147.37500,155.42613,231.66992,271.58867,287.89782,250.59071,182.43364,175.62500,185.74066,183.90295,184.06088,186.06085,236.40438,246.56373,267.40471,278.98289,297.68705,261.77877,197.52077,191.25000,201.04450,195.50000,201.63864,229.58213,264.89963,300.43513,292.51744,281.49650,261.77981,252.23408,205.80000,203.99364,203.85116,205.51057,310.82918,276.63212,216.82172,211.12500,15.62500
57.79327,105.87352,234.42296,283.68086,27.34415,42.27476,71.57699,87.07612,204.44471,220.05234,249.82522,265.43843,283.13297,233.75966,178.75000,104.39663,55.04104,0.00000,55.04104,104.39663,233.75966,283.13297,265.43843,249.82522,220.05234,204.44471,87.07612,71.57699,42.27476,27.34415,57.79327,105.87352,234.42296,283.68086,286.83752,238.23321,114.06200,71.70077,59.47071,67.64775,88.95127,101.83964,211.15564,226.30089,255.34624,270.64114,289.75404,241.73685,189.77783,121.20966,82.59928,63.75000,85.81676,123.42470,242.85506,290.68760,275.31187,260.29157,231.86654,217.10989,113.67195,102.28552,84.41693,78.01772,98.32217,132.42504,247.55063,294.62182,303.65248,258.23270,151.45693,122.76018,120.22459,124.47251,137.22068,145.90579,235.59264,249.25746,275.89652,290.11000,309.64279,265.25074,163.13501,136.90833,127.50000,140.81066,166.42350,219.56278,267.28581,311.38787,298.77050,284.98928,259.28610,246.17857,162.44538,154.69168,143.50403,139.83545,155.31440,178.86225,275.20288,318.20957,332.05725,291.10361,202.47565,182.00893,183.02804,185.84595,194.61456,200.83280,273.03700,284.91155,308.48696,321.26177,340.48206,300.67811,216.01483,196.96006,191.25000,201.04450,219.74538,261.77877,303.36933,342.86099,332.95514,320.64654,298.03455,286.70403,219.05208,213.36548,205.39892,202.85282,351.91017,313.56030,233.61323,216.11571,57.79327
19.87500,53.22505,179.85154,228.98915,31.94085,18.46405,19.97577,33.75301,149.69187,165.27037,195.00232,210.59933,228.16459,178.80052,123.76824,49.55757,4.25000,55.04104,0.00000,49.37500,178.75000,228.12500,210.39743,194.78426,165.01302,149.40768,32.46946,17.72093,15.99754,30.58134,15.62500,51.78833,179.43161,228.65948,232.30590,184.05591,66.05230,43.87500,59.48397,53.47005,54.01070,60.47636,157.87901,172.72065,201.35548,216.49527,235.75679,188.39271,138.24508,77.31844,59.50000,82.59928,63.75000,80.63469,189.77783,236.86511,222.11529,207.38619,179.71483,165.50160,78.24571,73.36318,72.96606,77.48124,79.37500,93.47877,195.58107,241.53966,252.23829,208.64971,118.41044,107.62500,119.09909,116.21229,116.46204,119.59783,188.60549,201.19312,226.25269,239.82588,259.29053,217.12237,132.77219,123.25000,136.90833,127.50000,136.72652,176.16172,219.56278,261.33746,250.06290,237.07653,213.29245,201.46223,138.99151,136.30263,136.08930,138.56260,143.12500,151.40230,228.98980,269.30611,285.32509,247.63068,178.34596,171.37500,181.54605,179.66544,179.82709,181.87363,233.12316,243.41949,264.50833,276.20794,294.97460,258.69009,193.40861,187.00000,196.96006,191.25000,197.52077,226.01400,261.77877,297.68705,289.57871,278.44148,258.49187,248.82003,201.60113,199.75681,199.61130,201.30566,307.95825,273.40232,212.68558,206.87500,19.87500
53.22505,19.87500,130.89273,179.85154,79.85093,64.45080,35.62675,21.59933,100.55867,116.08496,145.75520,161.33128,178.80052,129.44479,74.40535,4.25000,49.55757,104.39663,49.37500,0.00000,129.37500,178.75000,161.06763,145.46332,115.71827,100.13514,19.53282,34.41316,63.78797,79.31690,51.78833,15.62500,130.31512,179.43161,184.05591,136.61225,43.87500,66.05230,94.30958,81.68250,61.54178,54.63201,112.38403,126.46677,154.15156,168.95534,188.39271,142.40134,96.58820,59.50000,77.31844,121.20966,80.63469,63.75000,144.22882,189.77783,176.09914,161.94969,135.86333,122.86241,73.82179,79.07206,95.58782,106.58000,93.47877,79.37500,151.78367,195.58107,208.64971,168.28854,107.62500,118.41044,139.78750,131.59894,120.14009,116.75147,152.56612,163.21793,185.49650,197.97009,217.12237,178.68535,123.25000,132.77219,163.13501,136.72652,127.50000,145.77562,181.64289,219.56278,210.25498,198.55466,177.91878,168.20054,136.55001,139.45838,149.44324,156.70209,151.40230,143.12500,192.93174,228.98980,247.63068,214.72606,171.37500,178.34596,195.74198,189.98067,182.23067,180.01467,205.06291,213.10671,230.61511,240.76240,258.69009,227.39149,187.00000,193.40861,216.01483,197.52077,191.25000,203.22378,230.89923,261.77877,255.99127,246.47176,230.17269,222.74604,199.92569,201.92329,208.94414,214.19599,273.40232,243.99827,206.87500,212.68558,53.22505
179.85154,130.89273,19.87500,53.22505,208.65260,193.05613,163.32569,147.74836,31.94085,18.46405,19.97577,33.75301,49.55757,4.25000,55.04104,129.44479,178.80052,233.75966,178.75000,129.37500,0.00000,49.37500,32.46946,17.72093,15.99754,30.58134,147.46043,163.06527,192.83587,208.44881,179.43161,130.31512,15.62500,51.78833,66.05230,43.87500,136.61225,184.05591,214.60203,199.47129,170.86078,156.03751,59.48397,53.47005,54.01070,60.47636,77.31844,59.50000,82.59928,142.40134,188.39271,241.73685,189.77783,144.22882,63.75000,80.63469,78.24571,73.36318,72.96606,77.48124,163.74585,177.92809,205.55728,220.27036,195.58107,151.78367,79.37500,93.47877,118.41044,107.62500,168.28854,208.64971,238.11821,224.57748,199.59874,187.06671,119.09909,116.21229,116.46204,119.59783,132.77219,123.25000,178.68535,217.12237,265.25074,219.56278,181.64289,136.90833,127.50000,136.72652,138.99151,136.30263,136.08930,138.56260,200.02238,211.78918,235.47833,248.42560,228.98980,192.93174,143.12500,151.40230,178.34596,171.37500,214.72606,247.63068,274.72651,263.07684,242.10335,231.87999,181.54605,179.66544,179.82709,181.87363,193.40861,187.00000,227.39149,258.69009,300.67811,261.77877,230.89923,196.96006,191.25000,197.52077,201.60113,199.75681,199.61130,201.30566,247.65566,257.25285,277.08198,288.16602,212.68558,206.87500,243.99827,273.40232,179.85154
228.98915,179.85154,53.22505,19.87500,257.96012,242.35350,212.59604,196.99849,79.85093,64.45080,35.62675,21.59933,4.25000,49.55757,104.39663,178.80052,228.16459,283.13297,228.12500,178.75000,49.37500,0.00000,19.53282,34.41316,63.78797,79.31690,196.78264,212.39604,242.17807,257.79531,228.65948,179.43161,51.78833,15.62500,43.87500,66.05230,184.05591,232.30590,262.79564,247.49413,218.43810,203.28928,94.30958,81.68250,61.54178,54.63201,59.50000,77.31844,121.20966,188.39271,235.75679,289.75404,236.86511,189.77783,80.63469,63.75000,73.82179,79.07206,95.58782,106.58000,209.26426,224.00938,252.42493,267.44447,241.53966,195.58107,93.47877,79.37500,107.62500,118.41044,208.64971,252.23829,282.32569,268.14099,241.58115,227.97540,139.78750,131.59894,120.14009,116.75147,123.25000,132.77219,217.12237,259.29053,309.64279,261.33746,219.56278,163.13501,136.72652,127.50000,136.55001,139.45838,149.44324,156.70209,238.72114,251.74680,277.33480,291.07181,269.30611,228.98980,151.40230,143.12500,171.37500,178.34596,247.63068,285.32509,313.81869,301.12119,277.73338,265.98338,195.74198,189.98067,182.23067,180.01467,187.00000,193.40861,258.69009,294.97460,340.48206,297.68705,261.77877,216.01483,197.52077,191.25000,199.92569,201.92329,208.94414,214.19599,279.84309,291.03407,313.43096,325.64885,206.87500,212.68558,273.40232,307.95825,228.98915
212.07340,163.25081,41.97991,33.00876,240.63258,225.06539,195.40123,179.86540,64.24253,49.63296,25.37993,20.00000,21.59933,33.75301,87.07612,161.33128,210.59933,265.43843,210.39743,161.06763,32.46946,19.53282,0.00000,15.62500,45.42500,61.05000,178.75000,194.37500,224.17500,239.80000,210.39279,161.06157,32.43937,19.48276,40.19348,47.83566,164.85377,213.30978,243.75829,228.40423,199.23781,184.02615,75.10769,63.06737,46.45646,43.75000,54.63201,60.47636,101.83964,168.95534,216.49527,270.64114,217.54788,170.30203,64.14254,58.66457,63.75000,65.63690,78.27831,88.26758,189.77783,204.56222,233.06328,248.12921,222.07502,176.04833,78.13130,73.70051,101.33893,104.60551,189.29033,232.71254,262.79325,248.61754,222.12134,208.58526,123.62586,116.70339,108.62960,107.50000,116.75147,119.59783,197.97009,239.82588,290.11000,241.89916,200.47670,145.90579,123.70283,120.95312,127.50000,128.45385,135.35021,141.36249,219.56278,232.46051,257.89665,271.58846,249.99525,210.17452,138.86977,136.42609,164.47421,166.50676,229.37527,266.34059,294.67033,282.10103,259.05251,247.54419,181.80667,177.17221,171.96134,171.25000,180.01467,181.87363,240.76240,276.20794,321.26177,278.98289,243.94089,200.83280,186.06085,184.24415,191.25000,191.88721,196.57058,200.75773,261.77877,272.68701,294.67099,306.72561,199.80119,201.47767,255.89405,289.49277,212.07340
196.59337,147.87706,31.96996,43.50072,225.06539,209.50681,179.86540,164.34648,49.63296,35.88927,20.00000,25.37993,35.62675,19.97577,71.57699,145.75520,195.00232,249.82522,194.78426,145.46332,17.72093,34.41316,15.62500,0.00000,29.80000,45.42500,163.12500,178.75000,208.55000,224.17500,194.77924,145.45661,17.66573,34.38477,49.17571,39.34483,149.64479,197.92648,228.40423,213.08957,184.02615,168.88999,63.06737,52.93489,43.75000,46.45646,61.54178,54.01070,88.95127,154.15156,201.35548,255.34624,202.48681,155.62641,58.08641,65.14803,65.63690,63.75000,70.37118,78.27831,175.13945,189.77783,218.07605,233.06328,207.34305,161.89445,73.24115,78.95885,105.22506,101.00534,176.20336,218.69832,248.61754,234.62598,208.58526,195.36124,116.70339,111.55398,107.50000,108.62960,120.14009,116.46204,185.49650,226.25269,275.89652,228.44919,188.16935,137.22068,120.67376,124.22717,128.45385,127.50000,130.93621,135.35021,207.04110,219.56278,244.43681,257.89665,237.00518,198.46946,136.17848,139.33705,166.89667,164.26888,218.70028,254.18722,282.10103,269.85119,247.54419,236.50862,177.17221,173.82348,171.25000,171.96134,182.23067,179.82709,230.61511,264.50833,308.48696,267.40471,233.93151,194.61456,184.06088,186.40987,191.88721,191.25000,193.55775,196.57058,251.36891,261.77877,282.96584,294.67099,201.80002,199.63220,246.37078,278.35210,196.59337
167.14468,118.73822,31.04784,69.11550,195.40123,179.86540,150.28673,134.81675,25.37993,20.00000,35.88927,49.63296,64.45080,18.46405,42.27476,116.08496,165.27037,220.05234,165.01302,115.71827,15.99754,63.78797,45.42500,29.80000,0.00000,15.62500,133.32500,148.95000,178.75000,194.37500,165.00710,115.70983,15.93638,63.77266,72.82094,38.59930,120.93264,168.71064,199.23781,184.02615,155.24228,140.31970,46.45646,43.75000,52.93489,63.06737,81.68250,53.47005,67.64775,126.46677,172.72065,226.30089,174.03820,128.26035,57.58404,84.43285,78.27831,70.37118,63.75000,65.63690,147.78233,162.01903,189.77783,204.56222,179.66505,135.79747,72.84336,95.49419,118.13955,100.71727,152.57380,192.65862,222.12134,208.58526,183.69092,171.26531,108.62960,107.50000,111.55398,116.70339,131.59894,116.21229,163.21793,201.19312,249.25746,203.66006,166.24934,124.47251,120.43275,135.34042,135.35021,130.93621,127.50000,128.45385,184.47711,196.06721,219.56278,232.46051,213.21314,177.82369,135.96495,149.33001,175.32581,164.09191,200.15232,232.16272,259.05251,247.54419,226.96402,217.03022,171.96134,171.25000,173.82348,177.17221,189.98067,179.66544,213.10671,243.41949,284.91155,246.56373,216.69124,185.84595,183.90295,193.99299,196.57058,193.55775,191.25000,191.88721,233.13541,242.41012,261.77877,272.68701,208.82502,199.48661,230.06456,258.39559,167.14468
151.75870,103.61029,40.53721,83.66133,179.86540,164.34648,134.81675,119.38714,20.00000,25.37993,49.63296,64.24253,79.85093,31.94085,27.34415,100.55867,149.69187,204.44471,149.40768,100.13514,30.58134,79.31690,61.05000,45.42500,15.62500,0.00000,117.70000,133.32500,163.12500,178.75000,149.40115,100.12539,30.54939,79.30459,86.74765,46.57470,106.11800,153.48173,184.02615,168.88999,140.31970,125.56812,43.75000,46.45646,63.06737,75.10769,94.30958,59.48397,59.47071,112.38403,157.87901,211.15564,159.31935,114.39863,63.20774,96.70145,88.26758,78.27831,65.63690,63.75000,133.85572,147.78233,175.13945,189.77783,165.44754,122.78958,77.36571,106.49604,127.19756,104.03492,141.12085,179.47340,208.58526,195.36124,171.26531,159.40370,107.50000,108.62960,116.70339,123.62586,139.78750,119.09909,152.56612,188.60549,235.59264,191.23488,155.80491,120.22459,123.22071,143.31537,141.36249,135.35021,128.45385,127.50000,173.52101,184.47711,207.04110,219.56278,201.37826,168.09995,138.44047,156.59412,181.55276,166.14889,191.56534,221.34338,247.54419,236.50862,217.03022,207.79762,171.25000,171.96134,177.17221,181.80667,195.74198,181.54605,205.06291,233.12316,273.03700,236.40438,208.78559,183.02804,185.74066,199.63854,200.75773,196.57058,191.88721,191.25000,224.56592,233.13541,251.36891,261.77877,214.07979,201.18201,222.63430,248.72000,151.75870
41.97991,33.00876,149.84200,198.57355,64.24253,49.63296,25.37993,20.00000,119.38714,134.81675,164.34648,179.86540,196.99849,147.74836,92.79042,21.59933,33.75301,87.07612,32.46946,19.53282,147.46043,196.78264,178.75000,163.12500,133.32500,117.70000,0.00000,15.62500,45.42500,61.05000,32.43937,19.48276,147.45381,196.77767,199.89345,151.58682,40.19348,47.83566,75.10769,63.06737,46.45646,43.75000,125.56812,140.31970,168.88999,184.02615,203.28928,156.03751,106.76668,54.63201,60.47636,101.83964,64.14254,58.66457,157.49469,204.40990,189.77783,175.13945,147.78233,133.85572,63.75000,65.63690,78.27831,88.26758,78.13130,73.70051,163.69121,209.22151,220.48005,177.85563,101.33893,104.60551,123.62586,116.70339,108.62960,107.50000,159.40370,171.26531,195.36124,208.58526,227.97540,187.06671,116.75147,119.59783,145.90579,123.70283,120.95312,149.38645,189.71743,230.15545,219.56278,207.04110,184.47711,173.52101,127.50000,128.45385,135.35021,141.36249,138.86977,136.42609,199.93780,238.65027,255.72180,220.03366,164.47421,166.50676,181.80667,177.17221,171.96134,171.25000,207.79762,217.03022,236.50862,247.54419,265.98338,231.87999,180.01467,181.87363,200.83280,186.06085,184.24415,203.37558,235.17856,268.86387,261.77877,251.36891,233.13541,224.56592,191.25000,191.88721,196.57058,200.75773,279.75416,247.55517,199.80119,201.47767,41.97991
31.96996,43.50072,165.22206,214.05636,49.63296,35.88927,20.00000,25.37993,134.81675,150.28673,179.86540,195.40123,212.59604,163.32569,108.33751,35.62675,19.97577,71.57699,17.72093,34.41316,163.06527,212.39604,194.37500,178.75000,148.95000,133.32500,15.62500,0.00000,29.80000,45.42500,17.66573,34.38477,163.05928,212.39144,215.28136,166.80607,49.17571,39.34483,63.06737,52.93489,43.75000,46.45646,140.31970,155.24228,184.02615,199.23781,218.43810,170.86078,120.52418,61.54178,54.01070,88.95127,58.08641,65.14803,172.19257,219.48138,204.56222,189.77783,162.01903,147.78233,65.63690,63.75000,70.37118,78.27831,73.24115,78.95885,177.87781,223.96945,234.52105,190.99301,105.22506,101.00534,116.70339,111.55398,107.50000,108.62960,171.26531,183.69092,208.58526,222.12134,241.58115,199.59874,120.14009,116.46204,137.22068,120.67376,124.22717,159.50945,202.08515,243.63949,232.46051,219.56278,196.06721,184.47711,128.45385,127.50000,130.93621,135.35021,136.17848,139.33705,211.70930,251.67961,267.92221,230.78240,166.89667,164.26888,177.17221,173.82348,171.25000,171.96134,217.03022,226.96402,247.54419,259.05251,277.73338,242.10335,182.23067,179.82709,194.61456,184.06088,186.40987,210.92316,245.26446,280.49323,272.68701,261.77877,242.41012,233.13541,191.88721,191.25000,193.55775,196.57058,290.94856,257.15611,201.80002,199.63220,31.96996
31.04784,69.11550,194.66309,243.63552,25.37993,20.00000,35.88927,49.63296,164.34648,179.86540,209.50681,225.06539,242.35350,193.05613,138.03770,64.45080,18.46405,42.27476,15.99754,63.78797,192.83587,242.17807,224.17500,208.55000,178.75000,163.12500,45.42500,29.80000,0.00000,15.62500,15.93638,63.77266,192.83080,242.17404,244.71249,196.00933,72.82094,38.59930,46.45646,43.75000,52.93489,63.06737,168.88999,184.02615,213.08957,228.40423,247.49413,199.47129,147.79536,81.68250,53.47005,67.64775,57.58404,84.43285,200.61324,248.41541,233.06328,218.07605,189.77783,175.13945,78.27831,70.37118,63.75000,65.63690,72.84336,95.49419,205.51376,252.38949,261.79814,216.96479,118.13955,100.71727,108.62960,107.50000,111.55398,116.70339,195.36124,208.58526,234.62598,248.61754,268.14099,224.57748,131.59894,116.21229,124.47251,120.43275,135.34042,180.99905,226.79020,269.99693,257.89665,244.43681,219.56278,207.04110,135.35021,130.93621,127.50000,128.45385,135.96495,149.33001,235.40650,277.27381,292.09665,252.69726,175.32581,164.09191,171.96134,171.25000,173.82348,177.17221,236.50862,247.54419,269.85119,282.10103,301.12119,263.07684,189.98067,179.66544,185.84595,183.90295,193.99299,227.60924,265.98881,303.66856,294.67099,282.96584,261.77877,251.36891,196.57058,193.55775,191.25000,191.88721,313.35156,276.99216,208.82502,199.48661,31.04784
