0.00000,65.17324,13.71281,50.23736,34.19727,55.83301,28.26576,14.51699,12.87993,14.55172,18.03755,6.57162,69.76024,57.53649,62.24414,60.97255,73.71720,64.72884,75.18947,19.57928,6.45237,49.51233,49.69742,61.48057,13.16351,29.60305,16.54467,20.35792,12.30798,22.03645,76.74978,10.99301,60.82188,20.95747,21.09941,72.75614,28.23624,17.46382,28.09877,27.49855,77.46665,62.92242,41.83139,83.75053,71.26274,11.93116,37.18955,74.07551,16.38492,49.71425,79.11157,35.43480,25.07261,35.93085,50.99949,32.47093,25.21191,29.41387,14.80190,35.35826,20.24136,31.45538,73.82958,58.96972,30.68153,38.37136,35.67454,16.29801,25.85585,29.79124,10.96372,26.12111,20.96505,33.97665,23.49969,16.85189,58.73645,69.89582,32.89293,20.54118,36.80405,64.48582,51.63272,28.89426,19.32278,15.73740,40.69334,46.67784,42.97041,3.73740,19.80309,75.50269,19.13023,24.13873,2.39909,72.06901,18.42773,5.73694,15.44559,31.21414,28.65521,79.04140,55.71742,51.26210,61.74161,54.20540,10.80350,11.97048,65.00300,66.94577,20.63129,65.84699,34.04762,38.76994,32.12454,37.30701,26.20787,51.03299,74.25850,59.12489,69.05949,19.98656,10.02397,29.59680,58.28527,72.94872,28.67932,69.97930,19.84057,79.58722,29.31216,33.41575,38.77090,19.76958,73.38692,13.81326,72.75110,15.62850,40.42253,54.09992,32.16188,12.23586,45.19210,54.68218,36.06946,12.50000,65.22140,81.56322,29.29746,26.87085,75.09916,13.42763,59.52941,38.65357,69.27915,74.99194,27.26321,17.49552,50.20050,59.41250,8.13776,68.49035,36.13871,45.72864,34.58425,13.56901,12.91049,38.65185,25.12233,25.31798,47.78212,23.47346,38.82515,4.52893,13.74627,20.03973,42.14796,29.03413,34.91849,23.39725,19.83962,51.60526,54.79011,29.79639,47.54009,36.12418,73.12656,31.91505,21.57556,24.96810,38.81531,75.08963,54.90588,28.95869,76.57114,36.80131,34.88271,30.99395,30.78877,77.93723,0.00000
65.17324,0.00000,78.84049,25.33630,79.56344,23.30178,36.99304,76.40528,52.42116,72.15413,83.20254,60.88568,4.59918,10.29229,22.04627,5.90259,12.77314,13.06379,22.05840,56.84599,64.46170,31.10085,32.17674,15.21184,52.27558,67.51579,49.69774,84.18627,73.95448,60.91538,13.84093,69.94062,17.67502,44.22480,50.79939,15.10505,45.09543,57.28240,82.94342,79.67789,16.62056,5.42367,23.41000,27.33645,13.27950,53.70864,50.99569,12.62926,63.66734,16.82567,23.51768,30.68791,83.86819,32.40433,22.20552,65.93190,40.50580,36.12523,72.67746,31.33781,49.41777,72.03693,9.85790,11.61658,51.75921,35.84084,84.72937,70.66126,67.38860,85.62098,56.19138,45.04374,84.05381,33.69656,61.01829,76.15762,12.21682,6.47519,55.77121,56.99751,57.95889,11.42634,20.00581,36.42336,83.04472,63.59200,27.95125,32.06556,22.67219,62.79134,83.14730,20.76802,84.26019,42.91528,67.33916,18.55588,79.70559,65.53479,76.87074,66.52921,64.10921,22.39761,11.82923,25.54413,11.16974,11.40817,61.95503,60.70896,1.62519,6.56601,73.15385,23.15304,57.39765,31.45809,38.84396,29.40240,77.54976,14.26116,18.54368,7.91991,14.63087,84.14632,69.40022,53.99959,8.73735,7.88170,55.35578,22.56640,83.22611,26.52433,42.09932,78.09884,33.23422,61.87484,25.77598,73.53233,19.87047,62.97639,35.16020,11.86015,47.78798,74.48816,27.06882,23.30303,37.34198,54.61159,17.42502,21.49608,85.45429,65.23307,21.83761,58.72351,16.51819,31.58912,4.31574,17.57089,47.41575,82.43547,15.72613,21.43668,58.07979,19.14954,32.14939,21.49677,32.99079,61.84817,70.57515,31.90192,41.70765,83.28500,30.23893,50.58204,38.90473,62.38201,70.21047,46.78504,27.62250,40.53690,55.76093,43.62274,60.63374,18.22946,11.38741,46.40429,17.72040,29.18789,8.02535,54.76176,77.66452,77.27230,31.69172,13.48205,27.02725,76.05440,16.84683,28.39196,83.35805,86.05416,41.09030,23.33406,65.17324
13.71281,78.84049,0.00000,62.87194,35.33165,68.46303,41.97411,9.23529,26.58827,16.61720,4.74269,18.48581,83.43192,71.02282,74.90565,74.68216,87.41702,78.37116,88.68895,30.08119,16.53415,62.42245,62.50786,75.07731,26.84894,35.42359,29.65004,8.59891,9.62938,30.63505,90.23725,13.19413,73.80336,34.65250,32.29011,86.41094,40.69701,28.19612,25.51711,26.92594,91.15262,76.47886,55.52829,97.26728,84.93530,25.55790,47.72207,87.51224,24.34591,63.42312,92.09577,49.12470,20.26760,49.44578,64.47919,38.99006,38.64056,43.12314,14.25877,48.65370,32.17058,35.56323,87.39876,72.34055,41.40112,50.46093,34.56824,19.80193,31.59504,25.99525,23.39975,38.88272,12.43496,47.05482,31.93631,13.13059,72.41517,83.60532,42.47536,30.83004,45.74405,77.80033,64.70667,42.60602,10.24238,23.83255,53.77209,59.59029,56.52159,16.60582,8.98255,89.05225,6.04799,37.12736,11.50133,85.63023,11.26421,14.27782,10.07782,37.47427,35.75056,92.61226,69.42582,64.54280,75.42024,67.91077,19.75679,22.48024,78.64160,80.46319,22.81658,78.44750,43.16825,51.54552,45.21648,50.96889,26.64106,64.66564,87.85275,72.67311,82.25857,9.74917,14.60689,39.82786,71.82455,86.59375,38.60483,82.70068,8.94151,93.01585,41.36232,35.09254,51.25833,28.19051,86.69412,12.13476,86.28170,24.07418,53.31372,67.81093,43.65733,10.83109,58.58112,68.02368,48.14655,25.63525,78.21349,95.21576,25.39592,33.53187,88.60472,24.51377,73.09940,52.04074,82.96400,88.19058,38.25528,4.05501,63.91315,72.79545,21.02649,81.98958,49.66135,59.40903,47.69555,23.03401,14.35673,51.37028,38.65980,21.18186,60.81827,34.19325,51.34478,16.70007,15.53130,32.99505,55.64899,41.52112,44.43842,36.37695,28.79302,64.83233,68.50221,41.80522,61.23492,49.72776,86.77546,41.80285,20.59153,25.27153,52.18128,88.79272,68.01923,30.82638,89.87542,50.45208,34.27558,27.42501,42.82713,91.45032,13.71281
50.23736,25.33630,62.87194,0.00000,74.40234,5.59933,26.97213,58.12502,39.31170,61.21601,67.57467,44.44976,29.01359,15.11731,12.03536,25.71451,38.03042,34.73781,46.08141,49.76272,51.90437,40.54931,41.68616,34.37962,39.52725,63.46247,33.71886,66.30319,55.88632,54.77018,30.77358,51.57879,11.61747,31.78825,31.10004,39.79501,41.50232,49.23152,74.17129,71.77425,41.94522,20.28683,19.80789,52.42033,37.88404,41.06154,52.41169,27.66308,54.99221,23.58774,29.48874,26.17446,73.31489,30.64199,32.67860,63.30605,25.97765,27.62667,53.44971,16.30249,30.76435,67.75646,29.49121,13.98394,49.98776,12.99678,78.56032,60.80290,61.89000,76.57964,39.55519,39.95660,71.02342,16.66283,55.47203,56.89061,29.57723,31.81095,54.76991,50.36072,58.39838,17.65575,5.52636,26.92616,69.51160,54.66858,10.50051,39.61159,14.57828,49.06822,65.00069,45.14162,68.81390,26.13854,51.91727,42.30065,60.79302,48.62355,58.33315,63.29538,60.26965,47.33392,25.62257,36.35692,31.22789,21.73466,43.66636,50.35633,24.09555,22.62638,64.37952,15.61173,56.72467,11.49405,36.45636,26.83660,69.77625,16.52608,42.99747,17.48673,20.76332,70.22371,57.38530,51.62510,16.75196,30.62002,52.48586,19.83093,65.10039,50.89335,21.70576,73.04416,11.63486,54.71610,48.37877,54.78870,43.56518,54.06054,38.47828,22.63573,46.79376,61.67298,32.96203,36.70375,15.17453,43.24977,15.87311,46.82631,76.25196,60.50298,45.87851,48.89689,34.10720,32.49016,29.28406,26.42519,25.98557,65.83542,22.10013,38.22323,42.17067,41.31272,30.46812,25.40370,16.18296,52.16324,51.66699,11.58720,33.80505,73.10494,38.53474,29.88671,41.47059,46.36045,51.00189,30.20245,30.55418,21.35130,55.66094,26.86943,53.59271,7.71622,23.23986,43.98866,19.18484,19.03566,30.89544,53.40953,67.93064,69.07790,32.80321,38.81140,40.23796,69.80215,28.68802,19.73655,77.31291,77.39078,20.30002,47.87066,50.23736
34.19727,79.56344,35.33165,74.40234,0.00000,79.51158,47.46611,43.55560,37.49311,20.13624,34.65445,39.96728,83.60850,75.59378,85.28231,73.96873,83.38250,73.35821,80.22431,24.64107,28.26734,52.09432,51.50254,69.53094,36.96552,12.09390,44.78083,43.31409,42.65774,19.65758,93.16491,43.80774,82.38399,43.22449,52.40564,80.89698,34.69331,25.32441,11.62863,8.64136,86.19087,79.57514,58.39076,88.35318,80.05346,35.67833,30.57762,91.23652,20.41583,62.81085,99.41359,50.42584,17.47788,47.50103,58.75905,14.45019,49.27861,47.05068,46.89289,58.12554,50.53133,7.64403,89.37773,78.01510,27.95694,65.61904,5.72123,17.90644,12.57540,13.26824,42.54483,35.32992,25.72521,58.24563,19.09568,47.30838,69.08978,82.00814,24.61474,24.05448,24.23203,83.51133,73.52596,47.57954,27.27037,20.92681,63.90306,49.87095,62.16965,32.07018,44.09850,81.27648,34.20864,50.78287,34.85931,78.34775,46.42672,39.80959,44.56990,13.42016,15.48001,84.87982,67.89774,56.71315,71.72463,68.37167,44.87329,25.95685,80.08472,83.74680,13.62729,88.90028,23.47885,63.67558,40.88607,51.00708,8.70090,67.81142,80.92599,76.26733,88.60977,28.80500,24.35432,25.64966,75.63280,87.20335,24.23801,92.21676,44.03466,83.29611,57.83764,1.46735,64.75452,19.77329,76.23033,45.11766,78.47197,21.43486,45.00912,67.77572,31.95928,25.06991,52.96966,60.19105,63.62264,32.70249,86.37767,88.92345,13.68487,14.39646,80.23017,26.64720,67.35028,47.97657,82.75263,94.13833,58.03618,38.06380,64.09573,64.68852,39.85852,74.16624,47.75187,58.13942,58.57697,23.78003,45.70581,63.80405,40.73562,16.16178,51.70811,55.06093,41.41235,38.26154,46.79864,47.81455,51.95013,56.43644,25.35123,50.24916,20.84529,72.53305,68.19166,33.16498,63.20602,55.86985,87.27938,25.30783,14.74689,10.07550,47.87177,84.83104,58.17299,5.27755,94.79356,55.61504,4.40809,12.35680,59.13059,82.93599,34.19727
55.83301,23.30178,68.46303,5.59933,79.51158,0.00000,32.04786,63.63451,44.82101,66.70182,73.16824,50.04719,26.36908,13.84578,6.44380,24.94987,36.04941,34.23698,44.98368,54.89718,57.43880,43.02373,44.18722,34.50135,45.01850,68.39958,39.30930,71.82012,61.41353,59.85650,26.47009,57.09957,6.94069,37.19144,36.61653,38.29665,46.12960,54.45080,79.56763,77.10295,39.78726,17.92660,23.38226,50.63594,36.41951,46.55623,56.53497,23.33519,60.30388,25.41193,24.05417,30.43846,78.81055,34.68229,34.58686,68.08264,31.45700,32.53526,58.90175,21.59135,36.33886,72.74506,25.74619,11.72308,54.51794,18.38930,83.77569,66.22537,66.96447,81.99930,45.15380,44.74330,76.60444,22.16219,60.50408,62.32821,29.79572,29.67526,59.26162,55.45724,62.73879,13.80953,6.86627,31.93776,75.10117,59.99753,15.77548,42.41159,18.38563,54.63731,70.50399,43.85825,74.40919,31.72437,57.51655,41.29022,66.25014,54.20943,63.82504,68.14142,65.15966,45.68810,26.17931,38.39454,30.95749,22.38087,49.21350,55.76354,21.86214,19.35932,69.74357,10.01405,61.19602,17.07529,40.80002,30.81389,75.08803,17.85725,41.65597,16.00049,16.00033,75.81895,62.91172,56.25467,15.46773,27.41027,57.18742,14.25274,70.60482,49.64301,27.24413,78.13720,17.21083,59.89784,47.88740,60.27525,42.59099,59.38539,41.98718,23.37159,51.16929,67.23754,35.77783,38.22778,20.62574,48.68085,10.77651,44.61116,81.68061,65.49025,44.77053,54.25833,34.58368,36.17341,26.83219,21.38523,31.36706,71.40914,23.77716,39.07420,47.76945,40.85634,34.48741,28.05193,21.65244,57.53421,57.15066,17.18119,38.80356,78.58133,41.15460,35.32125,45.19428,51.95952,56.46384,35.79599,33.78133,26.94482,60.04289,32.45738,58.75528,8.87257,23.84106,48.50753,21.49461,23.77459,27.69730,57.93050,73.36900,74.41829,36.46492,36.65259,41.94715,74.98965,23.83495,24.27542,82.51325,82.78871,25.82239,46.50777,55.83301
28.26576,36.99304,41.97411,26.97213,47.46611,32.04786,0.00000,40.49502,15.44007,35.91386,46.25595,24.60403,41.56275,30.07326,37.90693,32.70815,45.59239,36.97002,48.03296,22.85172,27.59595,26.33402,27.01282,34.00507,15.28255,36.51720,14.19148,47.86241,38.00208,27.81538,49.09462,34.35467,35.31489,7.35612,19.34943,44.88711,15.45156,22.48501,48.01907,45.31002,49.41827,35.12508,13.59156,56.44680,43.30416,16.72291,27.82136,46.60489,28.53463,21.55900,53.07359,7.82564,47.95240,10.61476,24.46978,36.53982,6.65770,2.04267,37.62287,10.83816,16.91163,40.78756,45.92892,31.95387,23.96984,20.24125,51.76390,34.92514,34.93015,50.55544,20.35820,13.41699,47.26354,11.67543,28.50002,40.95938,30.79486,41.63125,28.75692,23.41192,32.78296,37.57507,26.22923,0.77862,46.15299,28.29156,16.49795,23.86011,15.55123,25.79830,46.97436,48.11993,47.29191,10.61750,30.49512,44.66216,44.09567,29.27568,41.10703,36.43368,33.36642,51.53757,27.55273,25.89812,33.78477,25.94063,26.85482,24.52643,36.91079,39.25726,38.10745,41.55040,30.73313,16.84521,12.33473,10.00331,43.25382,23.02636,46.67912,31.39188,42.48261,47.20636,32.72970,25.27422,30.59659,44.82054,25.94056,45.07674,47.04062,52.68572,16.18273,46.09626,18.46647,27.87487,47.08510,38.04853,45.47981,27.66908,18.93581,25.83913,21.46644,37.67045,19.63775,28.78292,18.90279,17.87675,39.50565,53.67505,50.28880,33.53611,47.91671,22.76781,32.23039,14.00295,41.04934,48.31155,20.30297,45.67627,21.95578,33.10757,21.68946,41.41618,10.69185,17.90073,11.78739,26.04412,35.37234,17.09422,6.87682,47.54843,24.12655,20.81015,19.99739,25.84537,35.28616,12.55488,16.04439,13.75009,29.97735,10.90140,26.71975,25.48687,26.53565,18.23433,19.29981,8.70435,44.98718,27.33688,42.09894,42.67131,14.31258,46.94138,30.18862,42.96040,49.51584,8.92024,50.48960,51.23222,16.67431,50.69483,28.26576
14.51699,76.40528,9.23529,58.12502,43.55560,63.63451,40.49502,0.00000,26.06421,23.81256,12.91419,15.90969,80.99788,67.84283,70.04943,72.77244,85.97011,77.46116,88.36473,33.86344,20.01780,63.60191,63.85575,74.42752,26.55146,41.96287,26.76150,8.19699,2.49362,35.66007,86.90828,6.57519,69.45446,33.21884,27.02500,85.37878,42.65754,31.78153,34.40501,35.42743,89.84871,73.49532,53.60896,96.84981,83.78061,25.63422,51.60185,84.04397,29.53322,61.98748,87.60412,48.14276,29.38114,49.34068,64.34983,45.26415,35.93558,41.98311,5.55231,45.31758,27.59775,42.81374,84.38556,68.81563,45.10416,45.28679,43.31723,26.72042,38.08938,35.07123,20.28824,40.44618,21.66636,43.32301,37.08133,3.91511,71.28568,81.63051,47.03579,34.77655,50.75486,74.08348,60.62946,41.21095,19.47365,28.92726,49.88413,60.77908,53.75231,18.23846,6.88390,88.53813,14.21395,33.59539,12.24689,85.08285,3.91352,11.28420,1.04433,43.84793,41.68868,91.99507,67.94614,64.96234,74.27078,65.96639,14.61754,26.09153,76.02304,77.30318,30.38113,73.47303,48.04249,47.20858,46.18068,50.18279,34.87758,62.14614,87.14939,69.69219,78.24587,18.88910,20.52177,43.90404,68.81838,83.95788,42.89436,77.85972,6.98042,92.90881,36.42778,43.15696,46.53276,33.25775,86.94781,3.58443,85.85331,28.99040,54.57258,66.00434,46.67687,18.48826,58.76534,68.27139,43.01890,26.81871,73.84066,94.15992,34.47739,39.64301,88.25922,27.77135,72.58055,52.28744,80.64535,84.13326,32.47812,9.44153,62.23699,72.90586,18.83896,81.69447,49.52722,58.37947,44.00746,27.32508,6.61938,46.95414,38.64888,30.22868,61.77664,28.42026,53.17700,14.93588,7.55004,29.63201,55.52271,37.08660,49.05594,32.86644,33.56831,61.05697,66.73821,44.29668,59.21449,47.29636,84.16222,46.14403,28.99708,33.50404,52.48220,87.28944,68.78976,38.75013,86.04306,48.24850,42.91627,36.48960,37.82501,91.06672,14.51699
12.87993,52.42116,26.58827,39.31170,37.49311,44.82101,15.44007,26.06421,0.00000,21.92373,30.82070,10.50077,56.99647,45.12625,51.10303,48.12256,60.83817,51.89408,62.49633,14.89037,12.67273,37.67985,38.00363,48.69423,0.75374,28.91869,7.34889,32.90353,23.60013,19.60057,64.28918,20.55617,49.21068,8.25004,15.51975,59.90787,17.89169,13.21410,35.18260,33.21088,64.59424,50.37540,29.03037,71.03215,58.40018,1.84391,29.33709,61.69920,17.08078,36.83512,67.38242,22.56485,34.00593,23.31601,38.37070,30.50150,13.38537,16.53491,24.25688,23.53203,13.30507,32.30895,61.24276,46.74966,23.18688,28.74511,40.68880,21.77252,26.02888,37.47186,8.23092,15.33232,32.21934,22.65921,20.87201,27.26218,45.87082,57.04499,26.85912,15.89851,31.22644,52.33174,39.96399,16.04535,30.95937,16.59045,29.18802,34.87819,30.50379,10.40147,32.15991,62.75605,31.85189,13.68167,15.17212,59.31260,29.87016,14.84049,26.81252,29.74601,26.62980,66.27073,42.83808,38.89840,48.87562,41.37113,14.56213,11.67262,52.30603,54.45625,25.68467,54.75748,28.52715,27.88903,20.32932,24.46749,31.36343,38.36843,61.46684,46.60113,57.06326,31.92648,18.10559,23.02750,45.77961,60.23289,22.72852,58.67883,32.21398,66.96628,20.44138,36.32795,28.42006,18.35800,60.91265,24.17450,60.02670,16.06370,28.76157,41.24538,23.22695,22.66741,32.71193,42.22097,26.59551,4.86236,53.55969,68.71527,37.10871,25.73908,62.39954,10.86514,46.77453,26.22386,56.48895,62.97147,20.68284,30.36310,37.33605,46.88231,7.74246,55.80484,23.51002,32.86431,23.17538,13.77418,21.98018,27.88177,12.58476,33.82178,35.78954,18.15642,27.80288,11.13132,22.23539,10.34399,29.52132,19.28544,28.74049,13.05570,17.62408,39.67732,41.92966,20.17703,34.73943,23.58328,60.40359,25.55559,28.77608,30.47411,26.41800,62.20985,42.74509,32.38774,64.38915,24.13744,39.58062,38.37737,21.79153,65.22706,12.87993
14.55172,72.15413,16.61720,61.21601,20.13624,66.70182,35.91386,23.81256,21.92373,0.00000,17.72077,20.85501,76.60586,65.95887,72.94004,67.22668,78.82495,69.15263,78.31875,16.73703,9.73361,50.58079,50.42525,65.54577,21.68878,18.82620,28.32581,25.17802,22.68108,15.37376,84.83356,23.67195,70.85835,29.62302,34.70090,77.17793,28.97348,15.52297,13.77101,12.95309,82.24604,70.84896,49.01523,86.87825,75.93228,20.15564,32.93395,82.43650,9.64122,55.62546,88.87590,41.46664,12.12036,40.28649,54.51092,22.44563,35.24554,36.32772,26.79629,45.25684,33.32244,19.07742,81.49197,67.86502,27.10657,50.48273,21.14245,3.23303,15.02772,15.77627,24.37895,27.98732,12.87849,44.55390,16.43428,27.42756,63.73863,75.98570,27.12715,17.11264,29.88546,73.48541,61.62946,36.32049,12.78525,9.40229,50.99795,47.84483,51.46277,13.34693,25.58847,78.95997,17.88863,35.48497,14.86046,75.66218,27.02335,19.92109,24.84967,20.90753,19.39745,82.60569,61.43929,53.73263,66.67557,60.77644,25.35371,11.46298,72.28455,75.02282,6.60927,76.60063,27.48924,49.81158,34.66347,42.82993,11.76881,58.69021,78.07460,67.17868,78.36584,14.36698,4.55110,25.14937,66.40955,80.03528,23.73132,80.44324,25.55172,82.24392,41.79689,19.56042,50.31352,13.10425,75.52010,25.07770,76.11849,9.91476,41.75917,60.44424,30.13978,5.80571,48.39086,57.34480,48.26879,18.15220,75.15647,85.83533,15.35680,17.11286,78.26799,13.43340,63.42500,42.12530,75.95068,84.21514,40.74273,20.15895,56.50058,62.16845,21.47872,71.72371,40.53340,51.13578,45.05017,10.40207,25.57006,49.80535,30.45638,11.89842,49.35723,37.24870,39.05701,18.93888,26.66294,31.77669,46.10844,40.96740,28.97034,34.81575,14.06229,61.16748,61.03361,29.17298,54.55500,44.57136,80.17237,26.71756,7.17722,10.47885,42.17014,80.26023,56.57175,15.08776,85.42390,44.82389,20.39597,16.83427,43.22569,81.11449,14.55172
18.03755,83.20254,4.74269,67.57467,34.65445,73.16824,46.25595,12.91419,30.82070,17.72077,0.00000,23.14974,87.78682,75.53166,79.60965,78.94058,91.54251,82.37603,92.50461,32.79651,19.90393,65.83463,65.85924,79.01938,31.02670,36.35975,34.24603,8.89526,13.86040,32.68640,94.74825,17.72190,78.46373,38.97852,37.03263,90.43133,43.99484,31.05029,23.98596,26.04089,95.23567,80.94706,59.83950,101.09429,88.99086,29.67112,50.10752,92.04783,26.49590,67.60117,96.76017,53.25238,18.27471,53.34113,68.30661,40.06071,43.16159,47.32341,18.31524,53.22897,36.89618,35.90574,91.85882,76.90041,43.94901,55.19412,33.13791,20.94494,32.64813,23.98354,28.06254,42.34638,9.71648,51.68284,33.88593,16.59633,76.49237,87.86198,44.56922,33.44889,47.54135,82.38138,69.34616,46.86605,7.68818,26.05619,58.40497,63.01415,60.99039,20.59150,10.00703,92.92309,1.34629,41.76076,15.95635,89.51784,13.85246,19.00962,13.55657,38.49751,37.11496,96.50601,73.59732,68.20117,79.49502,72.19177,24.49217,25.50619,83.03994,84.95637,23.21181,83.15824,45.07729,56.22625,48.81704,55.03813,26.13347,69.07051,91.78015,77.14637,86.87462,6.54909,16.87463,42.21411,76.30342,90.98454,40.90037,87.40023,9.91476,96.75656,46.09220,34.61222,55.96857,30.28334,90.33455,16.20426,90.13334,26.38992,56.75141,72.06190,46.49044,12.09155,62.34041,71.72253,52.87923,29.44874,82.87328,99.22702,23.37938,34.82155,92.42690,27.61966,77.01026,55.81702,87.29588,92.80803,42.99536,3.90656,68.14530,76.52043,25.61952,85.81179,53.56354,63.50194,52.31716,25.71996,18.71590,56.05787,42.61418,19.37661,64.31569,38.93135,54.58769,21.31468,19.85530,37.62662,59.51508,46.22361,46.47533,41.01071,31.03421,69.43566,72.74193,44.88302,65.54941,54.15813,91.16159,44.02366,20.06528,24.80984,55.94026,92.92986,71.54750,30.59071,94.46231,54.83793,33.03018,25.42038,47.55849,95.27804,18.03755
6.57162,60.88568,18.48581,44.44976,39.96728,50.04719,24.60403,15.90969,10.50077,20.85501,23.14974,0.00000,65.48483,52.71962,56.48457,57.04849,70.14507,61.55945,72.46285,22.08825,11.70045,48.16381,48.49959,58.51791,11.09744,34.09359,11.26410,23.34109,13.41641,25.62501,71.91132,10.07671,55.31933,17.31020,14.60330,69.49078,28.10269,20.00466,34.53883,33.71886,74.00030,58.25777,37.84701,80.94190,67.90573,10.53358,38.69517,69.14335,20.82680,46.13255,73.61367,32.23308,31.64211,33.53357,48.49050,36.55475,20.41018,26.07361,13.75691,30.25066,13.96160,36.49556,69.18137,53.94013,32.27820,32.25229,41.83821,22.23761,30.54736,36.30345,4.91433,25.64637,27.30340,28.57982,27.07574,16.79204,55.39884,65.94016,35.26204,23.12999,39.45371,59.36593,46.22273,25.31315,25.54567,20.18733,35.29215,45.36811,38.34638,7.90194,22.39188,72.62901,24.37295,18.65203,7.62746,69.17352,19.59394,4.68041,16.56540,35.45858,32.63223,76.08568,52.10768,49.22449,58.38846,50.24112,5.23098,15.51584,60.58946,62.18161,26.59871,60.04869,36.67902,33.07776,30.82994,34.27668,32.30180,46.63668,71.24115,54.44652,63.78629,26.04758,16.30541,31.63820,53.58641,68.54477,30.99501,64.26617,22.46159,77.02253,23.14349,39.07885,32.86984,23.64149,71.12027,13.73071,69.94699,19.91385,39.26214,50.23875,32.98200,18.80060,42.98716,52.47764,29.93802,12.67128,59.72933,78.27885,35.81888,31.13224,72.35615,16.22498,56.67435,36.56003,65.08187,69.71668,20.76671,21.73742,46.43117,57.07246,2.93098,65.79744,33.71239,42.47512,29.22607,17.55714,11.48273,32.91372,22.96574,31.87281,46.25076,16.92530,38.24809,2.06700,11.78500,14.52500,39.68574,23.10986,37.25373,17.90175,23.40065,46.37533,50.96246,30.16241,43.49866,31.69897,68.73811,34.10851,27.97528,31.11631,36.77075,71.47731,53.15019,34.69190,71.43036,32.56244,40.97741,37.48301,24.62094,75.16104,6.57162
69.76024,4.59918,83.43192,29.01359,83.60850,26.36908,41.56275,80.99788,56.99647,76.60586,87.78682,65.48483,0.00000,14.31647,24.12920,9.64148,10.26197,14.10408,20.70183,61.16041,68.99581,34.16307,35.18416,17.08486,56.84414,71.53500,54.29533,88.78431,78.54848,65.14152,10.78338,74.52877,20.13632,48.80830,55.31946,13.50037,49.28898,61.65005,87.24332,83.93149,13.60241,8.73391,27.97344,24.71328,11.95544,58.27142,54.64600,10.54707,68.03567,21.09847,22.04442,35.15470,88.27010,36.68826,25.58227,69.83454,45.10358,40.66510,77.25034,35.89054,53.97028,76.04691,6.63103,15.04103,55.72076,40.04589,88.83505,75.06483,71.52621,89.93000,60.78883,49.33840,88.56729,38.21620,65.20112,80.73231,15.17335,4.23918,59.61320,61.28316,61.62650,13.22861,23.87143,40.98562,87.57714,67.97426,32.35869,35.38888,27.25602,67.35952,87.74339,19.16372,88.84066,47.49307,71.93066,17.62571,84.29014,70.13364,81.46010,70.48326,68.13441,20.10132,15.71076,28.64655,13.34937,15.83071,66.53797,65.17283,5.16297,7.43303,77.48765,24.58812,61.18874,35.81231,43.04400,33.80165,81.80257,18.85757,16.97684,12.02341,14.95209,88.68964,73.90406,57.98923,12.89268,3.60780,59.37428,23.15437,87.82239,24.70916,46.54635,82.14200,37.51084,66.16232,25.19040,78.11636,18.89208,67.36108,38.92419,16.18566,51.73092,79.00996,30.82590,26.03625,41.62614,59.13642,18.91207,18.32461,89.77390,69.32404,20.47685,63.17253,18.77600,35.69293,1.13716,16.29513,51.82859,87.03175,20.11234,23.45349,62.67874,19.21490,36.43372,25.73385,37.51053,66.27697,75.15371,36.24321,46.18031,87.66807,33.52351,55.05384,42.65440,66.98039,74.78162,51.37424,31.67538,45.03213,59.51173,48.20286,64.92120,22.26664,15.64083,50.49003,22.27285,33.78706,3.67100,58.64915,82.03855,81.55422,35.77447,10.53853,29.56772,80.20372,14.85011,32.98675,87.45926,90.33750,45.50742,21.46528,69.76024
57.53649,10.29229,71.02282,15.11731,75.59378,13.84578,30.07326,67.84283,45.12625,65.95887,75.53166,52.71962,14.31647,0.00000,14.63278,11.10532,22.91671,20.39966,31.24029,51.75087,57.59438,32.07028,33.23930,20.87537,45.09335,63.79508,41.45574,75.79911,65.43744,56.26469,19.21666,61.30133,10.02060,36.88626,41.56760,24.74634,40.94387,51.84400,77.65736,74.67482,26.85034,5.79763,17.27760,37.31923,22.84264,46.59558,49.10495,16.57311,58.14032,14.53231,23.87912,25.23451,77.94637,28.22841,23.01948,62.74299,32.38227,29.66423,63.80539,22.53537,40.43069,68.30272,16.55183,3.03088,48.57279,25.73816,80.43471,64.82697,63.10939,80.26410,47.89042,40.31189,77.26387,24.58126,56.59616,67.29805,16.31236,16.74487,53.01076,52.07162,55.84524,7.95063,9.72143,29.64123,76.07344,57.97406,18.33743,32.13505,14.62329,55.51015,74.67157,30.19388,76.65730,34.26076,59.57643,27.51065,70.97426,57.28602,68.23372,63.11122,60.40808,32.25536,13.16276,26.85445,17.18628,9.81759,53.25545,54.52800,9.19959,9.46817,67.74628,17.04687,54.81228,21.65179,34.86496,24.59903,72.56866,7.83346,28.01768,2.37829,13.07024,77.05228,62.79274,50.63719,1.65529,16.57181,51.83378,18.45511,74.75735,35.97209,32.54809,74.15145,23.24722,56.86649,34.04192,64.80917,28.80305,57.34935,33.41334,10.82742,44.78527,67.67323,25.92267,25.90121,27.36230,47.94735,12.22344,31.73452,80.03687,61.20869,31.03063,52.68461,21.20013,28.49230,14.41503,18.56031,37.72855,74.44315,12.85972,25.93463,50.02920,27.01557,27.98528,18.58985,23.88475,55.92468,61.78027,22.05983,35.78304,77.49115,30.56555,41.10312,37.03280,54.36442,61.32526,38.29701,25.08020,31.21380,53.36970,34.99690,55.64258,7.96418,11.05478,42.77301,12.52123,21.55402,16.81577,51.83181,71.96850,72.13217,28.69732,23.72363,29.76334,71.62320,19.48982,21.15321,79.09539,80.84037,31.43479,32.89017,57.53649
62.24414,22.04627,74.90565,12.03536,85.28231,6.44380,37.90693,70.04943,51.10303,72.94004,79.60965,56.48457,24.12920,14.63278,0.00000,25.14799,34.30164,34.32631,44.10205,60.73469,63.74683,46.16548,47.33937,35.29402,51.27795,73.98967,45.71046,78.23837,67.83809,65.63035,21.87506,63.52131,4.64227,43.36085,43.03978,37.08171,51.45943,60.38354,85.68428,83.13725,37.72554,16.71708,28.03859,48.83877,35.29647,52.81856,61.27989,18.80934,66.33350,28.36452,17.78119,35.55520,85.05729,39.52766,37.30805,73.49409,37.72039,38.23170,65.28305,27.71347,42.78206,78.38576,21.99991,11.72990,59.70520,24.77501,89.66782,72.38289,72.71219,88.14443,51.58845,50.24460,82.98160,28.46753,66.21617,68.69924,30.86766,27.94944,64.38829,61.25163,67.68863,10.90278,11.77882,37.73636,81.49578,66.04773,21.94267,45.90238,23.42138,60.99746,76.91463,42.77711,80.84926,38.11939,63.94352,40.58848,72.63296,60.65311,70.22985,73.63006,70.70379,44.13672,27.78887,41.16194,31.43098,24.31030,55.64814,61.91098,20.45142,16.70877,75.82653,3.66350,66.29342,23.47463,45.87811,35.65779,81.10330,20.82441,40.55086,16.17546,11.12095,82.22761,69.20645,61.54093,15.96725,24.35366,62.54763,7.81445,77.01611,48.50055,33.67863,83.89064,23.65460,65.77884,47.66603,66.67748,41.90376,65.43151,46.21177,25.33024,56.20971,73.58758,39.39912,40.45529,27.03112,54.86422,5.72194,42.38311,87.83744,71.14225,43.88078,60.35339,35.77005,40.65010,24.82501,15.76914,37.72241,77.85177,26.66535,40.55232,54.19267,40.81471,39.31515,31.70494,27.93131,63.63669,63.55178,23.59774,44.54993,84.80208,44.47799,41.70271,49.60363,58.39201,62.85199,42.20448,37.85140,33.38605,65.04826,38.85577,64.61662,13.08320,25.62921,53.71213,25.10713,29.41311,24.64494,63.09380,79.54233,80.46882,40.91614,34.66619,44.29586,80.85707,18.46517,29.73645,88.38849,88.90569,32.25168,45.28234,62.24414
60.97255,5.90259,74.68216,25.71451,73.96873,24.94987,32.70815,72.77244,48.12256,67.22668,78.94058,57.04849,9.64148,11.10532,25.14799,0.00000,13.61125,9.30218,20.37069,51.60747,59.86018,25.21830,26.30277,10.27816,47.91830,61.89752,46.01358,80.38919,70.29744,55.53068,19.71822,66.40068,20.52993,40.04270,47.95239,14.39455,39.67009,52.15114,77.66937,74.32971,17.65857,9.05418,19.20758,27.12546,12.49532,49.30265,45.15929,18.50817,58.53316,11.60269,29.16682,25.89298,78.80075,27.13466,16.30316,60.22441,36.86829,31.63365,69.32144,28.44385,46.34254,66.41100,15.67713,13.57509,46.09189,34.52101,79.19404,65.60432,61.88890,80.36222,52.48591,39.77752,79.33625,31.02001,55.57442,72.77405,6.51124,8.92328,50.02406,51.70765,52.13061,15.53715,20.18825,32.08046,78.41458,58.48900,26.01193,26.16335,19.61951,58.40707,79.42022,19.49083,79.95546,39.63620,63.20105,16.58618,76.19608,61.72472,73.29538,60.85817,58.49600,21.95419,6.07289,19.66204,6.30099,6.80813,58.51353,55.82971,6.98378,11.91504,67.94436,26.92035,51.62311,29.67201,33.43090,24.40063,72.20077,11.34063,17.39702,9.07899,19.62436,79.57218,64.65548,48.35510,9.50227,13.23502,49.73606,27.09475,79.49345,25.20765,39.73482,72.50235,31.71374,56.58595,22.93781,70.04329,17.85235,57.87941,29.36342,6.88059,42.10573,69.81520,21.26207,17.54175,35.72261,49.98026,21.38231,22.40331,80.21454,59.68276,20.16936,53.80000,11.16882,26.05611,8.82836,23.22016,45.16272,78.37305,10.81957,16.13213,54.18538,15.91189,26.88094,16.17206,30.32455,56.86320,67.16210,30.15971,36.89153,78.17404,24.33644,48.01823,33.10334,58.43469,66.87893,43.31825,22.03436,37.92836,49.96639,40.30934,55.34533,18.05841,6.22435,40.84907,13.55832,25.52420,13.31158,49.04228,72.53572,71.96933,26.13490,14.78348,21.32787,70.56768,22.68438,24.52432,77.81808,80.75166,38.88002,22.24671,60.97255
73.71720,12.77314,87.41702,38.03042,83.38250,36.04941,45.59239,85.97011,60.83817,78.82495,91.54251,70.14507,10.26197,22.91671,34.30164,13.61125,0.00000,10.02450,10.85547,62.60695,72.09373,31.69939,32.50462,13.85508,60.56844,71.32246,59.26374,93.44865,83.48432,66.02454,18.58751,79.67190,30.15963,52.94585,61.52276,3.99163,50.30249,63.42626,88.31182,84.75662,4.05663,18.12383,32.39336,14.60576,3.59731,61.88314,53.26596,19.60972,69.72932,24.03448,30.94177,38.29700,90.00602,38.59056,24.75340,69.14663,50.19366,44.31301,82.68752,42.03756,59.86195,75.73971,15.10484,24.38833,55.51573,47.89756,88.84872,76.92594,71.86793,91.03365,65.69472,50.89757,91.26928,44.62827,65.85524,86.12024,15.11837,6.39463,58.84437,62.55721,60.16773,23.40712,32.62124,44.91537,90.50064,69.76334,39.54422,33.62444,33.21779,70.95122,92.53633,9.15731,92.50161,53.10806,76.00167,8.53361,89.46570,74.82501,86.52968,70.00109,67.99361,9.84695,18.04124,26.70619,12.15303,20.22556,71.85874,67.61755,14.18813,17.66927,78.85192,34.84984,60.19413,43.18050,44.26908,36.51774,82.64207,24.94096,7.10634,20.54399,25.12152,91.74286,76.62209,57.85843,21.29508,11.43911,59.34341,33.31157,92.60519,14.49994,53.34456,81.92107,45.15188,67.37538,16.00978,83.33664,9.59648,69.17460,38.45599,20.04897,51.53840,81.87329,30.78674,23.34423,49.20296,62.24729,29.16647,8.89189,90.94433,69.46893,10.63535,65.52020,16.03313,36.75045,9.48136,25.62222,58.76915,91.19713,23.73654,19.30811,67.24909,11.61726,38.34907,28.04640,43.93368,68.42496,80.50303,43.65837,49.02965,89.27354,31.75266,61.62395,41.98193,71.43599,80.26123,56.69862,32.72916,51.53604,58.39587,53.76626,66.15137,30.71616,19.29265,50.95194,26.91167,38.92173,11.21118,58.07928,83.62637,82.56362,36.73378,1.45344,26.03888,80.50862,23.58824,37.82996,87.46265,91.28335,52.47967,11.26111,73.71720
64.72884,13.06379,78.37116,34.73781,73.35821,34.23698,36.97002,77.46116,51.89408,69.15263,82.37603,61.55945,14.10408,20.39966,34.32631,9.30218,10.02450,0.00000,11.86626,52.79618,62.73955,21.78194,22.63736,3.83438,51.56909,61.29981,50.98437,84.72465,74.96776,56.10045,24.78117,71.30821,29.73939,44.25387,54.12500,8.06505,40.45325,53.69023,78.38106,74.79785,13.10947,17.80397,24.49052,19.72514,6.80459,52.81795,43.27462,24.61622,59.95058,15.76240,36.03562,29.36828,80.19080,29.10997,14.80008,59.12627,42.14739,35.50528,74.49633,35.05479,52.23637,65.71531,20.67554,22.85613,45.50056,42.48818,78.82795,67.16629,61.87310,81.10499,57.29949,41.17202,81.70630,37.79359,55.90010,77.87409,6.33507,10.48299,48.82270,52.71051,50.19412,24.24719,29.22773,36.25040,81.01270,60.00721,33.68813,23.62335,26.50874,61.80955,83.88874,11.46759,83.29077,45.38542,67.05539,8.11499,81.06303,66.22089,78.07705,59.97690,57.97384,14.65915,10.30731,16.69281,3.66512,13.71190,63.67355,58.05468,14.64330,19.61186,68.98274,35.88200,50.18229,37.36879,34.50809,27.42702,72.68719,19.15335,9.77730,18.37042,27.69206,82.29672,67.11023,47.84492,18.80389,17.18462,49.33407,35.59902,83.95149,16.79204,46.63486,71.89691,39.58005,57.50318,13.67795,74.99809,9.21890,59.42641,28.45141,13.11080,41.52789,72.39165,20.88759,13.39240,43.42486,52.95940,30.22542,16.85100,81.02556,59.46193,11.69557,55.93676,6.00880,27.02758,12.96710,30.17609,52.08782,82.22230,15.99050,9.75609,58.63659,6.62212,28.87764,19.08615,37.13280,58.76862,72.26787,37.88093,39.76246,79.43276,21.74588,54.54393,31.96085,62.72337,72.11590,48.69869,23.07347,44.59128,48.38989,45.99188,56.28554,27.02574,12.34679,41.00641,19.59502,31.23088,17.09770,48.05479,73.79157,72.63121,26.98449,11.47293,16.35008,70.50480,28.93265,29.96753,77.44187,81.33324,45.96194,14.20442,64.72884
75.18947,22.05840,88.68895,46.08141,80.22431,44.98368,48.03296,88.36473,62.49633,78.31875,92.50461,72.46285,20.70183,31.24029,44.10205,20.37069,10.85547,11.86626,0.00000,61.65641,72.66673,28.31382,28.78755,14.09231,62.10830,68.40333,62.18573,95.39909,85.87354,64.38269,29.40605,82.35293,39.71726,55.18166,65.74782,7.20213,49.34543,62.80164,86.42805,82.67116,9.73499,27.43903,36.11698,8.59349,8.84339,63.26374,49.64999,30.45591,68.85298,27.39384,41.79253,40.26514,88.80380,39.26073,24.21003,65.78195,53.54664,46.42312,85.65584,46.84968,63.78034,72.63121,25.95713,33.29798,53.05481,54.33033,85.85673,76.07353,69.51598,89.14832,68.38204,50.49041,91.08500,49.60374,63.97650,88.98462,18.10224,16.50273,55.67514,61.42545,56.23583,33.36638,40.55593,47.28645,90.56678,68.98761,45.54809,30.81871,38.36274,72.08345,94.64291,1.84459,93.34682,56.91955,77.55476,3.80805,92.04435,77.08457,89.02664,66.83073,65.22624,4.74829,22.16134,24.58665,15.52490,25.55148,74.87560,67.59302,23.65091,27.86657,77.43559,45.03554,56.74617,49.23023,43.84929,38.18878,80.60602,30.95682,3.76181,28.99725,35.65001,91.93303,76.69300,55.39281,29.58886,22.27607,56.93385,43.85035,94.69948,4.92728,58.44344,78.79176,51.43084,66.04729,5.74592,86.04919,2.65259,68.43889,36.63363,24.97424,49.24939,82.00605,30.17703,20.97440,55.28870,63.07996,39.30007,9.53707,89.13054,66.96522,0.22500,65.44605,15.80388,36.68826,19.75310,36.46372,63.89101,92.61737,27.77257,16.15064,69.53189,6.70005,39.05125,30.20345,48.94962,68.06365,83.40405,49.74139,50.06805,87.94320,29.13988,66.26031,39.68805,73.50151,83.31384,60.08247,33.04679,56.36376,54.87712,57.50054,64.87302,38.42742,24.20749,49.38179,31.41585,42.86724,22.05483,55.14407,82.36393,80.70750,36.57001,11.33716,22.16925,77.94941,34.44105,41.55120,84.47979,89.22879,57.79648,2.79576,75.18947
19.57928,56.84599,30.08119,49.76272,24.64107,54.89718,22.85172,33.86344,14.89037,16.73703,32.79651,22.08825,61.16041,51.75087,60.73469,51.60747,62.60695,52.79618,61.65641,0.00000,13.94023,33.84428,33.69913,49.12022,14.19023,14.40850,22.05064,38.31215,31.80237,5.11572,70.03251,30.42229,57.98176,18.87038,30.38257,60.76764,12.36631,2.12735,26.09966,22.94271,65.90552,56.16178,34.47739,70.19881,59.59787,13.39974,17.79510,67.86200,7.19800,40.06221,75.36448,26.55608,27.40021,24.47541,38.04808,15.63700,24.88386,22.55308,34.29374,33.48501,28.07527,18.30181,66.45905,53.99450,11.35927,41.30116,28.94719,14.42604,12.19388,28.77510,22.25062,11.83102,29.60298,33.66457,6.14837,36.42555,47.62566,60.17490,13.34562,1.05030,17.40808,59.57017,49.01129,22.99848,29.33135,7.34549,39.26285,31.10878,37.84849,15.88258,38.17117,62.34162,33.33176,26.85093,21.67432,59.07762,37.72126,24.62627,34.84434,14.97250,11.81622,65.99358,45.66049,37.07589,50.50387,45.44846,27.23279,7.79732,57.15107,60.36358,16.33947,64.36842,14.63117,39.08699,18.35002,27.51818,20.82812,44.11537,61.52216,52.66105,64.61649,30.82382,15.95456,10.04154,51.96213,64.67938,9.10611,67.79404,38.17815,65.52981,34.08670,23.29256,40.25628,5.11768,58.78678,33.39192,59.49509,6.82262,25.04808,44.99784,13.70139,21.10458,31.92746,40.69478,39.41006,10.26392,62.06791,69.34849,28.61360,11.23824,61.61073,6.15554,46.97332,25.87511,60.42157,70.29162,35.24994,34.11187,41.12451,45.50893,20.44165,55.09475,24.72960,35.43797,33.97405,7.08255,32.27160,39.23304,16.22323,26.67505,32.63320,32.99934,22.32651,21.35528,32.95889,24.49686,29.92626,32.41537,15.36790,26.41128,3.90656,48.12040,45.52077,12.44169,39.67362,31.35687,64.79223,12.33618,21.02524,20.45674,25.87849,64.05319,39.83907,20.12523,71.17797,31.20722,27.65757,29.22671,35.26594,64.45167,19.57928
6.45237,64.46170,16.53415,51.90437,28.26734,57.43880,27.59595,20.01780,12.67273,9.73361,19.90393,11.70045,68.99581,57.59438,63.74683,59.86018,72.09373,62.73955,72.66673,13.94023,0.00000,45.96592,46.02028,59.30667,12.58104,23.15135,18.65585,24.48542,18.07763,15.77231,76.68215,17.35240,61.88299,20.76912,25.01391,70.80446,24.17893,11.91724,23.46961,22.23180,75.70124,62.71941,41.07804,81.25972,69.42047,11.04844,31.73501,74.15754,9.95069,48.35215,80.04364,33.97706,21.54893,33.63385,48.49651,26.03700,26.04710,28.33701,21.08295,36.20464,23.59080,25.09186,73.51908,59.31358,25.28069,40.86607,30.26301,10.60875,19.41354,25.50924,14.73228,22.45013,19.67311,35.28311,17.22244,22.82303,56.98691,68.74139,27.01926,14.81108,30.76258,64.91244,52.63631,28.10445,18.58314,9.30598,41.85100,43.13979,42.98358,3.81723,24.27042,73.12522,20.69182,25.95019,8.07349,69.73701,23.83680,12.15928,21.01971,24.76733,22.24417,76.72541,54.30314,48.30628,59.97725,53.21854,16.66568,6.14598,64.45235,66.84330,14.95403,67.39698,28.03741,40.43900,28.91752,35.61180,20.70545,50.61735,72.03604,58.97746,69.68562,19.71200,5.50210,23.94958,58.17424,72.32366,22.89533,71.34302,24.28181,76.87900,32.10324,27.39011,40.81548,13.43877,70.43312,19.90102,70.32205,9.23218,36.86965,52.99354,27.24680,10.07984,42.49015,51.83787,38.63125,9.88095,66.22964,79.57621,25.08502,20.42726,72.59327,8.04491,57.26564,35.98689,68.42146,75.58295,31.02536,20.58762,49.04330,56.64338,11.87334,65.98201,33.86404,44.07562,35.81594,7.33502,19.29044,40.40268,23.06931,21.49333,44.41977,27.58716,34.81879,10.03235,20.16763,22.14094,39.75558,31.35157,29.03864,25.26075,13.62080,52.32904,53.63591,25.28341,46.74378,36.04821,72.48043,26.14510,16.88596,19.57034,36.09808,73.50181,51.64742,22.99272,76.94523,36.47740,29.35569,26.56154,33.54104,75.44662,6.45237
49.51233,31.10085,62.42245,40.54931,52.09432,43.02373,26.33402,63.60191,37.67985,50.58079,65.83463,48.16381,34.16307,32.07028,46.16548,25.21830,31.69939,21.78194,28.31382,33.84428,45.96592,0.00000,1.17394,17.98341,37.12827,40.16868,39.66500,69.84451,61.17477,36.19366,44.77838,58.23352,41.78383,32.01602,45.67895,28.91489,21.86621,35.20520,58.12891,54.35951,34.21641,33.37406,21.43563,36.69265,28.23120,37.97027,21.65563,43.72482,40.98638,17.80365,54.18600,19.39178,60.65382,15.72140,9.15208,37.70746,32.95623,24.31081,61.89709,31.25268,43.20910,44.46643,40.65181,35.09488,24.74359,41.69355,57.67678,48.14843,41.20244,60.84684,44.94903,23.53978,63.44528,33.79218,35.72206,64.94190,19.01253,31.53351,27.48238,33.50241,28.49655,39.25179,36.25711,25.57676,63.11241,41.18216,33.65075,2.83604,26.50439,46.06233,69.31372,29.25209,66.54629,36.89720,51.91070,26.25845,67.46129,52.48915,64.40050,38.67468,36.95003,32.88535,19.78036,5.55681,20.98976,22.33676,51.66733,40.40973,32.17597,36.92987,49.25613,48.98706,28.68324,36.52127,17.42276,17.32385,52.29805,25.38902,28.83282,31.40837,44.02883,64.56200,49.41732,27.07962,31.19773,37.69105,28.62164,50.47780,69.35226,31.84836,41.37918,50.64782,38.90888,37.96989,24.98726,61.85281,26.42501,40.66689,9.11115,21.36633,20.97296,54.70398,7.88071,8.39483,41.45326,37.02156,44.27621,36.82992,60.83687,38.65710,28.29961,38.26856,15.88852,12.33585,33.12148,48.27780,46.18800,66.45277,19.50085,12.61173,45.32525,22.08610,15.64265,15.14565,33.39484,40.57448,59.61313,37.01183,25.28107,59.75451,2.28035,47.10449,11.54215,48.75105,59.78738,38.72277,11.21297,38.90711,26.84587,37.22365,36.82972,34.15269,21.32159,21.41171,21.54914,26.09966,37.68598,26.87877,54.21666,52.41796,12.03498,33.12229,6.14537,49.65771,47.89479,24.62702,56.29468,60.91639,41.40445,31.07775,49.51233
