0.00000,16.40488,38.90758,33.81952,41.52168,24.77761,10.45610,46.85093,34.92062,30.82742,31.90000,26.10000,21.11232,22.08574,20.91220,6.48460,36.91097,53.31585,40.28809,28.70854,39.01551,35.39901,35.04083,31.23396,83.04336,57.12338,44.36147,94.10489,94.81714,36.33690,40.70344,102.85806,88.20006,47.20858,29.14464,25.93839,22.08574,58.00000,53.31585,43.11160,26.73668,58.00000,41.21674,54.17647,62.46791,103.83458,81.71622,88.39055,90.08690,26.26062,26.73668,52.28049,85.29156,51.63303,81.66474,49.55522,41.01219,65.61951,80.88869,66.95170,67.45228,71.62472,232.61543,67.70118,145.83858,84.89623,66.95170,90.08690,125.50669,113.43412,103.95600,46.76109,70.14164,68.44246,113.69332,87.67406,59.78503,84.54880,57.78209,61.99492,122.89980,170.21295,170.68169,117.44105,183.64123,187.22414,186.16554,190.78386,152.24310,58.72052,67.63904,160.15773,119.46451,112.95118,106.94672,167.62401,148.15566,300.09045,188.50000,53.47336,275.51526,268.07359,66.13017,175.18016,14.78716,22.08574,243.82430,27.35855,160.83893,146.29918,164.10003,153.72736,97.48487,20.30000,27.51182,60.55378,102.77626,91.06185,215.55800,20.50610,38.90758,91.01566,118.04817,58.64887,127.40212,147.78623,165.30000,0.00000
16.40488,0.00000,46.76109,49.89349,29.14464,40.28809,21.11232,62.26564,48.61286,33.94363,45.02011,39.44426,19.45379,32.03155,37.13812,15.61698,53.31585,69.72073,56.30781,45.11341,55.40442,51.63303,50.72928,46.76109,90.04021,64.84597,55.17626,98.64264,101.99593,43.88496,52.92003,110.42871,94.46169,49.30000,22.64972,25.93839,22.08574,62.46791,55.78261,39.01551,32.42299,58.00000,42.81799,40.70344,47.82803,87.67406,66.25723,72.03451,74.10621,16.90976,10.45610,41.52168,69.17579,35.39901,69.66039,35.28002,24.60732,67.63904,90.31999,75.90026,74.55877,79.63128,248.82608,69.17579,138.98838,76.12155,81.87045,106.19703,141.86307,129.49726,119.32364,62.73659,86.07677,84.69787,129.98342,103.83458,76.12155,99.87122,72.73163,76.12155,137.86443,184.44091,184.32688,132.51445,198.09356,201.75331,200.93882,205.71612,151.80053,67.26500,73.36484,160.15773,107.30000,96.57479,99.11044,183.52670,147.70085,299.41710,186.88694,54.71709,287.23179,280.94101,52.52123,182.88403,29.85733,37.81137,228.29098,43.50000,176.40011,160.55108,147.70085,137.55908,94.68400,33.94363,24.94674,69.84125,117.44105,74.84023,231.94562,26.26062,23.91401,96.40047,114.28355,46.49054,129.49726,162.32230,154.13711,16.40488
38.90758,46.76109,0.00000,35.28002,49.30000,28.56169,28.56169,35.87102,20.30000,15.61698,17.64001,55.70718,29.14464,57.56336,33.81952,45.39218,44.36147,55.17626,37.70000,40.39233,43.88496,38.14354,32.03155,29.57431,116.00000,90.59890,74.84023,129.33480,127.10472,71.80063,69.17579,134.34232,121.83452,85.29156,66.95170,64.84597,60.96901,94.41716,91.06185,81.87045,64.39045,96.53124,79.63128,87.04832,92.98107,116.65068,91.06185,105.08249,102.16071,38.69083,52.28049,51.30624,98.98308,76.78157,77.21846,59.71465,64.84597,31.23396,43.59656,29.14464,28.56169,33.06509,229.55840,33.94363,122.11032,70.61961,47.56354,78.08489,115.89120,99.19526,84.10000,41.01219,58.36137,61.44990,112.80217,91.06185,63.86588,95.74393,74.55877,81.66474,133.52603,182.79204,185.69060,127.73175,156.97548,160.83893,160.86507,166.18797,117.44105,20.50610,29.00000,124.73372,153.80940,132.29214,145.00000,149.82086,186.18813,337.89667,154.68177,23.20000,295.31627,284.33313,98.60000,136.66971,28.70854,29.85733,268.82546,33.94363,140.40313,119.32364,179.37854,164.50951,68.25789,22.64972,27.51182,23.20000,116.14491,105.44202,204.75314,20.50610,55.02363,125.50669,156.94869,59.50303,90.31999,159.60542,200.85510,38.90758
33.81952,49.89349,35.28002,0.00000,69.17579,10.45610,30.82742,14.50000,15.61698,41.52168,17.64001,30.27689,44.26658,37.81137,12.96919,37.70000,9.17061,22.08574,6.48460,9.17061,8.70000,2.90000,4.10122,5.80000,86.22320,62.73659,45.85303,101.50000,96.40047,48.61286,39.44426,102.85806,92.48227,65.42698,59.78503,52.52123,50.06176,70.08167,69.72073,69.66039,46.49054,77.38165,61.51829,87.24133,96.00708,135.58857,111.94150,121.00335,121.41964,53.94312,59.78503,76.56220,117.04653,85.29156,105.56159,78.88853,74.27624,66.13017,62.06271,51.30624,56.30781,57.56336,201.96163,68.93221,157.26986,102.98063,34.92062,56.30781,92.30022,79.63128,70.61961,12.96919,36.33690,34.92062,83.09398,58.72052,30.27689,60.96901,39.44426,46.85093,99.28001,148.35420,150.80000,93.52219,151.30109,154.76330,153.37135,157.77706,150.46501,45.85303,59.71465,157.18963,150.71632,146.29918,133.52603,133.80916,162.24457,312.17796,188.05332,58.28928,260.06388,249.41686,99.11044,155.76537,20.50610,12.30366,277.56803,6.48460,127.20393,114.43063,196.90124,185.28254,103.51010,19.45379,48.00354,45.29945,81.20000,123.10491,182.51578,35.04083,69.84125,96.92249,138.62485,84.29976,121.45427,125.23837,195.07755,33.81952
41.52168,29.14464,49.30000,69.17579,0.00000,58.72052,38.90758,78.03102,61.51829,33.81952,57.41707,67.26500,24.94674,60.90000,58.36137,43.59656,75.23251,91.01566,74.84023,67.45228,76.61710,71.62472,68.44246,64.39045,118.90000,93.92598,84.10000,126.60750,130.85396,73.02013,81.40688,139.35096,123.10491,77.05492,48.00354,54.17647,50.64632,90.83067,83.49784,63.66805,61.51829,84.29976,70.61961,50.72928,52.28049,67.94917,43.11160,55.78261,53.47336,15.61698,22.08574,12.96919,49.89349,33.06509,40.60000,10.45610,23.38055,55.40442,89.33695,75.28838,70.56005,76.78157,271.13061,55.78261,111.56523,48.00354,94.68400,123.10491,160.42007,145.60773,132.26035,80.62834,102.61247,103.26606,152.18784,127.10472,98.60000,125.64064,99.19526,103.51010,164.17689,211.71986,212.17618,158.65412,206.22650,210.10495,210.16498,215.47995,131.14286,66.95170,66.95170,139.95317,113.95192,83.04336,115.01709,197.92367,171.68882,322.26556,164.25371,43.50000,316.15321,309.36354,59.78503,174.86784,49.30000,57.19694,220.09453,63.66805,189.12358,168.59953,130.50000,116.90274,72.50000,49.89349,22.64972,70.61961,144.21487,56.30781,250.47675,34.92062,10.45610,124.73372,135.34024,17.40000,113.10000,189.23472,161.77738,41.52168
24.77761,40.28809,28.56169,10.45610,58.72052,0.00000,20.50610,22.08574,12.96919,32.03155,12.30366,29.00000,33.81952,33.94363,6.48460,29.57431,17.64001,32.42299,16.40488,11.95701,18.34121,12.96919,10.45610,6.48460,88.39055,63.60197,47.20858,102.61247,99.19526,46.76109,41.21674,106.19703,94.41716,62.46791,52.52123,46.49054,43.50000,69.17579,67.45228,64.06309,42.22464,74.33283,57.78209,78.88853,87.24133,125.23837,101.50000,110.80884,111.03630,43.50000,49.89349,66.25723,106.71054,75.62275,95.39193,68.44246,64.39045,59.78503,62.26564,49.89349,53.31585,55.70718,212.41386,62.46791,149.28664,93.52219,42.22464,66.13017,102.53048,89.33695,79.20770,22.64972,45.85303,45.11341,93.52219,68.93221,40.39233,70.14164,46.76109,53.47336,108.70166,157.56370,159.60542,102.98063,158.97185,162.52941,161.41307,166.01075,145.72320,43.11160,55.70718,152.82202,143.54268,136.33085,128.42122,143.24943,161.69938,312.62215,183.09085,50.64632,268.07359,258.11629,90.83067,156.97548,10.45610,2.90000,268.46545,5.80000,136.17654,121.73093,186.70686,174.89188,96.40047,9.17061,37.70000,43.50000,90.08690,112.80217,192.75731,24.77761,59.50303,98.42926,135.77452,73.93578,117.76285,134.53000,188.70066,24.77761
10.45610,21.11232,28.56169,30.82742,38.90758,20.50610,0.00000,41.82439,27.51182,20.91220,23.91401,33.06509,14.78716,31.36830,19.45379,16.90976,36.33690,52.28049,36.91097,28.56169,37.81137,33.06509,30.82742,26.73668,92.11781,66.19373,52.28049,103.83458,103.75355,45.85303,47.82803,111.60291,97.48487,57.56336,38.69083,36.33690,32.42299,67.94917,63.60197,53.31585,36.91097,68.44246,51.63303,61.51829,68.93221,104.76187,81.25177,90.31999,90.59890,23.38055,29.85733,47.82803,86.22320,55.78261,77.38165,48.26562,44.26658,55.40442,71.09437,56.97596,57.12338,61.44990,232.45268,57.56336,137.86443,78.35369,60.96901,86.51532,123.03658,109.62614,98.60000,43.11160,66.13017,65.61951,113.43412,88.20006,59.71465,87.24133,61.51829,66.76301,125.90810,174.04833,175.18016,120.30632,176.99506,180.66325,179.89352,184.71429,142.21832,48.61286,57.19694,150.04523,127.73175,116.00000,116.75877,163.27798,158.54807,310.46257,178.67389,43.50000,281.53907,273.15475,73.42214,165.07089,10.45610,18.56906,249.13009,24.94674,155.76537,139.44146,166.21327,154.46414,88.20006,12.96919,20.30000,50.64632,106.35530,92.30022,213.26341,10.45610,39.01551,100.54263,128.45396,55.02363,117.04653,151.30109,174.09664,10.45610
46.85093,62.26564,35.87102,14.50000,78.03102,22.08574,41.82439,0.00000,16.90976,46.76109,20.91220,44.36147,53.31585,52.28049,26.73668,51.38813,19.45379,21.11232,9.17061,23.38055,16.90976,14.78716,11.95701,15.61698,97.44173,75.23251,58.36137,113.43412,106.94672,62.60240,51.87678,112.80217,103.83458,79.63128,73.93578,66.95170,64.39045,83.49784,83.69904,84.14999,60.96901,91.56839,75.90026,100.87666,109.31885,145.60773,121.14227,131.81449,131.23902,63.60197,71.62472,83.64879,127.20393,97.48487,111.56523,88.20006,86.07677,63.86588,51.30624,42.81799,49.55522,49.30000,194.64596,66.76301,156.60000,106.39483,20.50610,45.11341,82.43349,67.94917,57.12338,6.48460,24.60732,25.93839,77.05492,55.40442,29.57431,61.99492,45.85303,53.94312,98.64264,147.92843,151.49551,92.84530,137.16111,140.67242,139.44146,143.98142,144.33146,39.44426,54.17647,150.49296,164.96897,157.77706,148.01368,121.45427,175.08412,324.13906,182.03132,58.64887,262.23762,250.00624,112.80217,143.24943,32.42299,24.77761,290.52153,20.50610,114.13628,100.12352,207.60841,194.90503,101.66558,29.00000,55.70718,37.70000,82.48448,133.43152,172.44640,43.11160,80.21004,108.58554,152.62929,91.70605,114.13628,124.73372,209.52375,46.85093
34.92062,48.61286,20.30000,15.61698,61.51829,12.96919,27.51182,16.90976,0.00000,29.85733,4.10122,41.82439,37.13812,46.85093,19.45379,40.60000,24.77761,34.92062,17.40000,22.64972,23.91401,18.34121,11.95701,10.45610,100.50080,76.12155,59.50303,115.12671,111.03630,59.71465,53.31585,117.76285,106.63170,75.40000,63.80000,58.64887,55.40442,82.07564,80.41946,76.28709,55.02363,87.24133,70.61961,88.72294,96.40047,129.33480,104.60120,116.00000,114.90735,47.56354,57.12338,66.76301,111.03630,83.04336,94.68400,71.80063,71.33057,50.64632,49.30000,37.13812,41.21674,43.11160,211.54104,53.47336,142.36608,90.04021,33.81952,61.65485,99.19526,84.10000,71.62472,21.11232,41.21674,42.81799,93.70187,71.09437,43.59656,75.45575,55.02363,62.46791,113.24862,162.50354,165.40172,107.45664,149.48368,153.15185,152.40873,157.26986,134.93573,30.82742,44.26658,141.74445,154.38245,142.36608,140.67242,136.88492,174.60312,325.38207,172.49516,43.50000,275.19457,264.04337,100.66802,144.01062,20.30000,15.61698,276.49033,16.40488,128.81355,111.94150,191.59763,178.41483,88.20006,14.78716,39.01551,30.82742,95.87560,117.33358,189.05687,26.73668,64.39045,110.80884,148.66567,74.84023,106.19703,139.32078,200.12101,34.92062
30.82742,33.94363,15.61698,41.52168,33.81952,32.03155,20.91220,46.76109,29.85733,0.00000,25.93839,53.31585,14.78716,52.28049,34.92062,36.91097,49.64000,63.33696,45.85303,43.50000,50.06176,44.36147,39.44426,35.87102,112.95118,87.04832,72.73163,124.73372,124.53128,66.76301,67.88726,132.29214,118.36832,77.92317,55.78261,55.70718,51.63303,88.77032,84.10000,71.62472,57.56336,88.39055,71.80063,73.02013,78.30000,101.50000,76.12155,89.57198,87.00000,23.38055,37.81137,37.13812,83.64879,61.51829,64.84597,44.26658,49.64000,34.92062,58.07245,43.59656,41.01219,46.49054,241.39778,36.91097,118.29725,61.51829,61.51829,91.06185,128.78090,112.95118,98.77044,50.64632,70.79802,72.67379,123.37787,99.99745,71.74204,102.16071,78.35369,84.54880,140.67242,189.58993,191.59763,134.93573,172.56828,176.42395,176.40011,181.68448,121.41964,34.92062,39.44426,129.33480,139.68250,116.72275,133.05281,164.50951,178.69743,330.66359,157.77706,22.64972,299.59962,290.05799,84.29976,149.11754,26.73668,31.90000,253.21501,37.81137,155.44108,134.90456,164.17689,149.82086,67.45228,23.20000,11.95701,38.14354,122.11032,90.08690,218.32975,10.45610,39.44426,121.45427,147.24463,45.29945,96.92249,166.54183,187.04438,30.82742
31.90000,45.02011,17.64001,17.64001,57.41707,12.30366,23.91401,20.91220,4.10122,25.93839,0.00000,41.21674,33.06509,45.39218,18.56906,37.81137,26.73668,38.14354,20.50610,23.38055,26.26062,20.50610,14.50000,11.95701,100.66802,75.90026,59.50303,114.90735,111.41436,58.72052,53.47336,118.33279,106.71054,73.93578,60.96901,56.30781,52.92003,81.25177,79.15460,73.93578,53.31585,85.68506,68.93221,85.34085,92.84530,125.23837,100.50080,111.94150,110.80884,43.50000,53.31585,62.73659,106.94672,79.20770,90.78436,67.70118,67.45228,48.61286,50.64632,37.81137,41.01219,43.50000,215.47995,51.38813,139.68250,86.51532,37.81137,65.74755,103.26606,88.20006,75.62275,24.77761,45.29945,46.76109,97.48487,74.55877,46.76109,78.30000,56.97596,64.19424,116.32579,165.52879,168.22500,110.54289,153.15185,156.84148,156.16978,161.07405,133.80916,30.82742,43.50000,140.79194,151.24550,138.35158,138.26037,140.94119,173.73396,324.81295,171.27195,40.70344,277.68920,266.86304,97.26896,145.46326,17.64001,14.50000,272.66170,16.90976,132.79974,115.56418,187.51589,174.31388,85.88114,11.60000,34.92062,31.36830,98.64264,113.24862,193.14958,22.64972,60.34509,110.73292,147.01599,70.79802,105.56159,142.36608,197.20000,31.90000
26.10000,39.44426,55.70718,30.27689,67.26500,29.00000,33.06509,44.36147,41.82439,53.31585,41.21674,0.00000,46.76109,10.45610,22.64972,23.91401,26.10000,39.44426,35.28002,21.11232,29.00000,29.57431,33.94363,32.42299,60.34509,34.92062,19.45379,73.82195,71.62472,18.34121,14.78716,79.15460,66.13017,35.28002,37.13812,27.35855,26.73668,40.28809,39.44426,42.22464,18.34121,47.20858,31.90000,66.13017,76.12155,125.90810,105.56159,109.43418,112.83944,52.28049,49.55522,78.35369,107.65212,70.79802,107.65212,74.55877,62.26564,86.07677,91.01566,78.88853,82.12685,84.69787,212.01757,88.53316,170.92788,110.80884,64.06309,78.88853,110.42871,101.83089,96.79225,40.70344,61.51829,56.97596,94.41716,67.70118,42.81799,61.17557,33.81952,36.68242,98.64264,145.00000,145.02900,93.38720,178.41483,181.68448,179.75322,183.70991,172.95771,72.03451,84.10000,180.38373,124.73372,131.81449,104.44027,156.16978,132.79974,283.62237,209.96481,75.23251,249.41686,242.11092,77.21846,185.46401,27.35855,26.73668,256.67867,25.93839,151.38444,142.36608,183.89293,175.56381,120.72502,33.06509,52.92003,72.50000,78.08489,112.95118,198.94085,43.11160,63.33696,69.84125,108.35294,84.54880,145.95386,122.89980,167.34784,26.10000
21.11232,19.45379,29.14464,44.26658,24.94674,33.81952,14.78716,53.31585,37.13812,14.78716,33.06509,46.76109,0.00000,43.11160,33.94363,25.93839,50.64632,66.19373,49.89349,43.11160,51.87678,46.76109,43.50000,39.44426,103.95600,78.08489,65.42698,114.39388,115.78230,57.12338,61.51829,123.88805,108.97211,66.13017,41.82439,43.11160,39.01551,78.08489,72.50000,58.00000,46.76109,75.90026,59.78503,58.28928,63.86588,92.30022,67.94917,78.88853,77.92317,10.45610,23.20000,33.06509,73.93578,47.82803,62.60240,34.92062,35.87102,48.26562,72.50000,58.00000,55.78261,61.17557,246.22691,49.89349,124.73372,64.06309,70.79802,98.42926,135.58857,121.14227,108.58554,55.70718,77.92317,78.35369,127.33609,102.48946,73.93578,101.99593,76.28709,81.40688,140.67242,188.83432,189.92233,135.06032,184.71429,188.50000,188.16509,193.25840,133.30540,49.30000,54.17647,141.50693,125.00312,105.44202,118.47485,174.00000,166.11204,318.00983,168.94834,35.39901,295.92791,287.81678,69.66039,163.89491,24.77761,32.42299,240.71747,38.90758,165.70652,147.01599,154.46414,141.62574,77.21846,24.94674,6.48460,52.28049,121.14227,80.21004,225.71615,10.45610,27.35855,111.56523,133.52603,40.39233,110.23815,166.08672,172.30003,21.11232
22.08574,32.03155,57.56336,37.81137,60.90000,33.94363,31.36830,52.28049,46.85093,52.28049,45.39218,10.45610,43.11160,0.00000,27.51182,17.64001,35.28002,49.55522,43.50000,29.00000,38.14354,37.70000,41.01219,38.69083,60.96901,35.04083,23.20000,72.50000,72.73163,14.50000,21.11232,80.78465,66.19373,28.56169,26.73668,16.90976,16.40488,36.91097,33.81952,32.42299,8.70000,40.39233,23.91401,55.70718,65.74755,116.72275,97.22572,99.99745,103.95600,46.76109,41.52168,72.73163,98.64264,61.17557,101.50000,67.26500,53.31585,86.51532,96.00708,83.09398,85.29156,88.53316,222.07260,88.77032,167.82458,106.35530,72.50000,88.95960,120.86426,112.01661,106.35530,49.38522,71.09437,66.95170,104.76187,78.03102,53.23692,70.79802,43.50000,45.39218,107.65212,153.15185,152.62929,102.53048,187.85196,191.18018,189.39021,193.45413,173.46752,75.62275,86.51532,181.19779,114.72423,121.83452,95.74393,166.41553,128.78090,280.35667,210.02488,74.84023,255.26590,248.94435,66.76301,190.80590,29.00000,31.23396,246.22691,32.42299,161.41307,151.49551,174.00000,166.18797,119.42931,35.39901,49.55522,76.61710,86.90328,103.75355,209.38321,41.82439,55.78261,69.17579,101.83089,78.30000,147.64390,131.39912,157.91026,22.08574
20.91220,37.13812,33.81952,12.96919,58.36137,6.48460,19.45379,26.73668,19.45379,34.92062,18.56906,22.64972,33.94363,27.51182,0.00000,24.77761,16.90976,33.06509,19.45379,9.17061,18.56906,14.50000,14.78716,11.60000,82.43349,57.41707,41.21674,96.40047,93.38720,40.28809,35.39901,100.54263,88.39055,56.00830,47.20858,40.60000,37.81137,62.73659,60.96901,58.07245,35.87102,67.88726,51.38813,74.33283,83.04336,123.65023,100.54263,108.70166,109.62614,42.81799,47.20858,66.95170,105.08249,72.50000,96.40047,67.63904,61.65485,64.84597,68.74896,56.30781,59.50303,62.06271,213.14507,67.45228,153.04199,95.87560,47.20858,69.17579,104.76187,92.52773,83.49784,25.93839,49.30000,47.56354,94.10489,68.74896,40.28809,68.25789,43.50000,49.64000,106.94672,155.44108,157.02904,101.29265,163.89491,167.39809,166.11204,170.58312,151.24550,49.38522,61.65485,158.46848,138.26037,133.68339,122.35113,146.75834,155.25160,306.24879,188.50000,55.02363,264.67962,255.34825,86.22320,163.45816,9.17061,4.10122,264.60017,6.48460,140.16333,126.83978,184.55487,173.46752,100.87666,11.95701,38.69083,49.89349,87.76993,111.03630,194.90503,26.26062,58.00000,92.30022,129.33480,74.33283,123.65023,132.54618,183.06788,20.91220
6.48460,15.61698,45.39218,37.70000,43.59656,29.57431,16.90976,51.38813,40.60000,36.91097,37.81137,23.91401,25.93839,17.64001,24.77761,0.00000,39.44426,55.70718,44.17148,31.36830,41.82439,38.90758,39.44426,35.87102,78.08489,52.28049,40.70344,88.53316,89.94676,31.23396,37.81137,98.12976,83.04336,41.01219,23.20000,19.45379,15.61698,52.28049,47.20858,36.68242,20.91220,51.63303,34.92062,49.55522,58.36137,102.98063,81.87045,87.00000,89.57198,29.14464,25.93839,55.17626,84.54880,49.21463,84.14999,50.64632,39.44426,71.80063,87.24133,73.36484,73.93578,78.08489,233.75151,73.82195,150.40911,88.72294,71.74204,93.52219,128.19181,116.90274,108.27530,50.64632,73.93578,71.62472,115.12671,88.77032,61.51829,84.29976,57.12338,60.55378,122.24799,168.89855,168.92344,116.90274,188.50000,192.03606,190.82793,195.33604,158.22949,65.16939,74.10621,166.21327,114.02570,110.73292,100.66802,171.27195,141.86307,293.81738,194.32164,59.50303,272.61543,265.82103,61.44990,181.61503,20.30000,26.73668,240.01771,31.23396,164.89248,151.30109,162.32230,152.82202,102.98063,26.26062,32.42299,66.95170,101.83089,90.08690,217.98280,26.73668,39.44426,85.63597,111.56523,60.96901,133.68339,146.72968,159.52636,6.48460
36.91097,53.31585,44.36147,9.17061,75.23251,17.64001,36.33690,19.45379,24.77761,49.64000,26.73668,26.10000,50.64632,35.28002,16.90976,39.44426,0.00000,16.40488,10.45610,8.20244,2.90000,6.48460,12.96919,14.78716,78.35369,55.78261,38.90758,94.10489,88.20006,43.88496,32.42299,94.41716,84.69787,61.17557,59.78503,51.38813,49.55522,64.19424,64.84597,67.70118,43.88496,73.02013,58.00000,88.20006,97.48487,140.40313,117.44105,125.23837,126.44133,59.71465,63.60197,83.49784,121.83452,88.39055,112.80217,84.54880,77.92317,75.28838,69.84125,59.78503,65.16939,66.13017,196.25952,78.08489,166.21327,111.14985,38.14354,54.48605,88.77032,77.81517,71.09437,14.78716,35.87102,32.42299,77.21846,51.87678,23.38055,52.52123,30.27689,37.70000,91.06185,139.95317,142.12959,85.34085,152.57418,155.90029,154.13711,158.25606,159.52636,54.71709,68.74896,166.18797,149.82086,149.82086,130.53222,132.29214,155.63033,304.84504,197.13602,67.26500,251.08039,240.70000,99.87122,162.63287,25.93839,18.34121,279.13912,11.95701,126.60750,116.32579,201.00159,190.25415,112.61563,26.73668,55.02363,53.94312,72.55798,127.73175,178.69743,42.22464,74.84023,89.33695,133.68339,91.01566,130.33879,116.90274,193.17135,36.91097
53.31585,69.72073,55.17626,22.08574,91.01566,32.42299,52.28049,21.11232,34.92062,63.33696,38.14354,39.44426,66.19373,49.55522,33.06509,55.70718,16.40488,0.00000,17.64001,24.60732,14.50000,19.45379,23.91401,27.51182,81.71622,62.60240,46.76109,98.64264,90.08690,55.40442,40.70344,95.12707,88.20006,72.73163,75.23251,66.25723,64.84597,73.02013,75.40000,81.66474,57.78209,84.14999,70.56005,103.95600,113.43412,156.70737,133.52603,141.62574,142.69061,75.62275,80.00006,98.64264,138.13866,104.76187,127.63295,100.54263,94.32804,84.54880,70.79802,63.60197,70.61961,70.08167,180.17380,87.43392,176.99506,124.56504,31.36830,39.44426,72.50000,62.46791,58.07245,14.78716,23.38055,17.64001,61.17557,36.68242,8.70000,41.01219,26.73668,34.92062,78.35369,127.63295,130.78968,72.55798,139.68250,142.83788,140.67242,144.47706,165.32544,60.55378,75.28838,171.37013,164.17689,166.21327,142.83788,116.90274,161.56930,308.35606,203.02071,78.35369,241.24096,229.39348,115.49138,159.50000,41.82439,33.81952,294.96008,27.35855,111.94150,104.44027,217.40331,206.53213,122.35113,41.52168,70.08167,58.72052,61.51829,144.06901,162.32230,57.12338,91.06185,93.38720,143.16134,106.35530,134.90456,104.44027,206.47104,53.31585
40.28809,56.30781,37.70000,6.48460,74.84023,16.40488,36.91097,9.17061,17.40000,45.85303,20.50610,35.28002,49.89349,43.50000,19.45379,44.17148,10.45610,17.64001,0.00000,14.50000,8.20244,5.80000,6.48460,10.45610,88.77032,66.19373,49.30000,104.56099,98.51467,53.47336,42.81799,104.60120,95.12707,70.56005,66.13017,58.64887,56.30781,74.33283,74.55877,75.62275,52.20000,82.48448,66.95170,93.70187,102.48946,141.62574,117.76285,127.20393,127.40212,59.78503,66.13017,81.71622,123.10491,91.70605,110.42871,84.69787,80.62834,67.70118,59.50303,49.89349,55.78261,56.30781,196.45226,70.56005,159.73710,106.94672,29.00000,49.89349,86.12561,73.19269,64.19424,6.48460,29.85733,28.70854,77.81517,54.17647,26.26062,58.07245,38.90758,46.76109,95.87560,145.11595,148.01368,90.08690,145.02900,148.46754,147.01599,151.38444,150.49296,45.39218,59.78503,156.94869,156.97548,152.62929,139.23021,127.33609,166.01075,315.30082,188.16509,60.90000,257.96963,246.65348,105.56159,152.18784,26.73668,18.56906,284.05200,12.96919,120.72502,108.27530,203.10355,191.24615,105.40213,24.94674,53.23692,44.26658,78.51452,129.20468,176.35243,40.28809,75.90026,99.78697,143.48408,89.57198,120.86426,121.93802,201.12707,40.28809
28.70854,45.11341,40.39233,9.17061,67.45228,11.95701,28.56169,23.38055,22.64972,43.50000,23.38055,21.11232,43.11160,29.00000,9.17061,31.36830,8.20244,24.60732,14.50000,0.00000,10.45610,8.70000,12.96919,12.30366,77.92317,53.94312,37.13812,92.84530,88.39055,39.44426,30.82742,95.12707,84.10000,56.30781,52.28049,44.36147,42.22464,60.96901,60.55378,61.17557,37.70000,68.25789,52.52123,80.41946,89.57198,132.26035,109.43418,117.04653,118.33279,51.87678,55.40442,76.12155,113.69332,80.21004,105.56159,76.61710,69.72073,71.62472,70.79802,59.50303,63.86588,65.61951,204.32141,74.33283,161.17844,104.76187,43.50000,62.26564,96.92249,85.63597,78.08489,20.50610,43.11160,40.28809,85.29156,59.71465,31.36830,59.14863,34.92062,41.52168,97.82934,146.41410,148.15566,92.16344,159.26255,162.65872,161.07405,165.32544,157.18963,53.47336,66.76301,164.15127,142.80844,141.62574,124.73372,140.07330,153.23420,303.40709,194.64596,62.60240,256.25238,246.56823,92.16344,164.79044,18.34121,11.60000,271.25466,6.48460,134.09169,122.66006,192.80093,182.12369,108.35294,20.30000,47.82803,53.31585,78.78185,119.57006,186.88694,35.28002,66.76301,88.39055,129.46478,83.49784,128.78090,123.48008,186.70686,28.70854
39.01551,55.40442,43.88496,8.70000,76.61710,18.34121,37.81137,16.90976,23.91401,50.06176,26.26062,29.00000,51.87678,38.14354,18.56906,41.82439,2.90000,14.50000,8.20244,10.45610,0.00000,5.80000,11.95701,14.50000,80.62834,58.36137,41.52168,96.53124,90.31999,46.76109,35.04083,96.40047,87.00000,64.06309,62.46791,54.17647,52.28049,66.95170,67.70118,70.56005,46.76109,75.90026,60.90000,90.78436,99.99745,142.21832,119.04138,127.20393,128.19181,61.17557,65.61951,84.54880,123.65023,90.59890,113.73029,86.07677,80.00006,74.55877,67.70118,58.00000,63.66805,64.39045,194.64596,77.38165,165.93475,111.56523,35.28002,51.87678,86.51532,75.23251,68.25789,11.95701,33.06509,29.85733,75.62275,50.64632,22.08574,52.28049,31.23396,38.90758,90.64530,139.68250,142.10000,84.89623,149.70855,153.04199,151.30109,155.44108,158.22949,53.23692,67.45228,164.79044,152.62929,151.96664,133.43152,129.69194,158.22949,307.24949,195.87348,66.95170,251.43184,240.71747,102.48946,160.15773,27.35855,19.45379,281.67346,12.96919,123.88805,113.43412,203.02071,192.03606,112.05414,27.51182,56.00830,52.28049,72.50000,129.59464,176.54308,43.11160,76.56220,91.70605,136.51579,92.16344,128.81355,116.57856,196.04515,39.01551
35.39901,51.63303,38.14354,2.90000,71.62472,12.96919,33.06509,14.78716,18.34121,44.36147,20.50610,29.57431,46.76109,37.70000,14.50000,38.90758,6.48460,19.45379,5.80000,8.70000,5.80000,0.00000,6.48460,8.70000,84.29976,61.17557,44.26658,99.78697,94.32804,47.82803,37.81137,100.66802,90.59890,64.84597,60.55378,52.92003,50.64632,68.93221,68.93221,69.84125,46.40000,76.78157,61.17557,88.34297,97.26896,137.77289,114.28355,123.03658,123.65023,56.30781,61.65485,79.20770,119.21787,87.00000,108.27530,81.25177,76.12155,68.93221,63.86588,53.47336,58.72052,59.78503,199.51073,71.74204,160.15773,105.84007,34.80000,54.71709,90.31999,78.08489,69.72073,11.95701,35.04083,33.06509,80.57618,56.00830,27.51182,58.07245,36.68242,44.17148,96.40047,145.46326,147.90000,90.64530,150.71632,154.13711,152.62929,156.94869,153.04199,48.26562,62.26564,159.71077,151.30109,148.15566,133.43152,132.38746,160.86507,310.51675,190.65157,61.17557,257.18602,246.51706,100.16551,157.18963,22.64972,14.50000,278.91307,8.20244,126.04162,114.02570,198.91971,187.51589,106.35530,22.08574,50.64632,47.56354,78.30000,125.23837,180.50025,37.70000,72.03451,95.12707,137.86443,86.90328,123.88805,122.35113,195.35757,35.39901
35.04083,50.72928,32.03155,4.10122,68.44246,10.45610,30.82742,11.95701,11.95701,39.44426,14.50000,33.94363,43.50000,41.01219,14.78716,39.44426,12.96919,23.91401,6.48460,12.96919,11.95701,6.48460,0.00000,4.10122,90.31999,66.76301,49.89349,105.56159,100.50080,52.28049,43.50000,106.94672,96.57479,68.93221,61.99492,55.17626,52.52123,73.93578,73.36484,72.50000,49.64000,80.88869,64.84597,88.95960,97.48487,135.40236,111.41436,121.14227,121.14227,53.47336,60.34509,75.23251,116.90274,86.07677,103.95600,78.35369,74.84023,62.60240,58.00000,47.20858,52.28049,53.47336,202.91713,65.42698,154.13711,100.66802,32.42299,55.70718,92.30022,78.88853,68.93221,12.30366,35.39901,34.92062,84.29976,60.55378,32.42299,63.80000,43.11160,50.64632,101.87217,151.05075,153.72736,96.09464,149.11754,152.62929,151.38444,155.90029,146.55763,41.82439,55.78261,153.23420,153.04199,146.75834,136.57738,132.79974,166.18797,316.21970,184.16713,55.17626,263.30978,252.36666,100.87666,151.82823,20.91220,12.96919,278.83768,8.70000,125.80787,112.05414,197.02934,184.96454,100.12352,18.56906,46.76109,41.21674,84.14999,123.03658,182.51578,33.81952,69.72073,101.00163,142.21832,83.09398,117.44105,127.89625,197.73237,35.04083
31.23396,46.76109,29.57431,5.80000,64.39045,6.48460,26.73668,15.61698,10.45610,35.87102,11.95701,32.42299,39.44426,38.69083,11.60000,35.87102,14.78716,27.51182,10.45610,12.30366,14.50000,8.70000,4.10122,0.00000,90.22683,66.13017,49.38522,105.08249,100.66802,50.64632,43.11160,107.33918,96.40047,66.95170,58.64887,52.20000,49.38522,72.67379,71.62472,69.66039,47.20858,78.88853,62.60240,85.29156,93.70187,131.30308,107.33918,117.04653,117.04653,49.38522,56.30781,71.33057,112.80217,82.07564,100.16551,74.27624,70.79802,60.55378,58.72052,47.20858,51.63303,53.31585,206.89828,63.33696,151.49551,97.26896,35.87102,59.78503,96.40047,82.94203,72.73163,16.40488,39.44426,39.01551,88.20006,64.19424,35.87102,66.76301,45.02011,52.28049,105.04247,154.13711,156.60000,99.28001,152.62929,156.16978,155.00764,159.57907,145.34758,41.21674,54.71709,152.18784,149.70855,142.69061,133.90340,136.79273,165.12183,315.55412,182.88403,52.52123,265.82103,255.21648,97.22572,153.04199,16.90976,9.17061,274.94998,6.48460,129.69194,115.45497,192.93175,180.87261,97.82934,14.50000,42.81799,41.01219,87.00000,118.93536,186.61675,29.85733,65.61951,100.66802,140.31326,79.15460,116.65068,131.01454,194.64596,31.23396
83.04336,90.04021,116.00000,86.22320,118.90000,88.39055,92.11781,97.44173,100.50080,112.95118,100.66802,60.34509,103.95600,60.96901,82.43349,78.08489,78.35369,81.71622,88.77032,77.92317,80.62834,84.29976,90.31999,90.22683,0.00000,25.93839,41.21674,17.64001,11.95701,46.85093,47.20858,20.50610,6.48460,43.50000,72.73163,64.84597,68.25789,29.00000,37.81137,61.17557,57.78209,42.22464,49.38522,91.56839,101.29265,161.62135,147.92843,143.98142,151.49551,106.39483,97.26896,131.52707,145.72320,107.45664,158.76010,123.03658,104.56099,146.38538,148.15566,137.40615,141.62574,143.54268,205.10197,148.80702,228.43828,166.11204,112.95118,113.24862,130.62883,131.30308,135.06032,91.70605,103.95600,96.40047,105.40213,84.14999,78.08489,66.76301,56.00830,48.61286,85.63597,117.33358,112.61563,83.04336,213.30284,215.85041,212.41386,214.91328,233.30135,131.30308,144.06901,240.71747,121.00335,158.65412,87.00000,180.01036,80.88869,226.86824,270.26071,135.27808,202.62680,200.85510,97.22572,240.49027,87.67406,86.51532,260.43550,84.10000,179.89352,181.49923,209.48360,207.54763,180.31378,93.38720,110.42871,131.23902,67.88726,149.28664,206.38956,102.53048,111.56523,11.95701,72.50000,135.92928,206.08372,100.66802,150.71632,83.04336
57.12338,64.84597,90.59890,62.73659,93.92598,63.60197,66.19373,75.23251,76.12155,87.04832,75.90026,34.92062,78.08489,35.04083,57.41707,52.28049,55.78261,62.60240,66.19373,53.94312,58.36137,61.17557,66.76301,66.13017,25.93839,0.00000,16.90976,39.01551,37.70000,21.11232,23.38055,45.85303,31.36830,23.38055,49.64000,40.60000,43.59656,12.96919,20.50610,41.52168,32.42299,29.00000,27.51182,72.73163,83.04336,141.41775,125.54019,123.88805,130.24197,80.88869,72.73163,106.35530,124.56504,85.88114,134.18573,98.77044,81.40688,120.69018,124.73372,113.24862,116.90274,119.21787,209.80453,123.07075,202.68905,140.67242,92.66396,98.64264,122.38550,119.21787,119.46451,70.08167,85.88114,79.15460,100.16551,75.28838,61.17557,60.96901,40.70344,35.87102,90.22683,129.85396,127.20393,86.22320,200.12101,203.00000,200.18404,203.33116,207.66916,106.71054,119.00605,215.18703,115.01709,141.38801,86.22320,171.19828,99.87122,249.46743,244.51317,109.43418,224.22083,220.19003,80.57618,218.34901,62.06271,61.51829,253.23161,59.78503,169.09760,166.21327,193.28016,189.05687,154.38245,67.94917,84.54880,106.94672,69.84125,128.71558,204.91737,76.61710,87.19312,34.92062,81.25177,111.14985,180.87261,110.23815,151.38444,57.12338
44.36147,55.17626,74.84023,45.85303,84.10000,47.20858,52.28049,58.36137,59.50303,72.73163,59.50303,19.45379,65.42698,23.20000,41.21674,40.70344,38.90758,46.76109,49.30000,37.13812,41.52168,44.26658,49.89349,49.38522,41.21674,16.90976,0.00000,55.70718,52.28049,14.50000,6.48460,59.71465,47.20858,28.56169,45.39218,35.04083,36.68242,26.26062,29.57431,43.11160,24.77761,38.69083,29.00000,72.50000,82.94203,137.86443,119.57006,120.72502,125.64064,69.84125,64.39045,95.87560,120.16643,81.87045,124.70000,90.31999,75.28838,105.44202,107.88624,96.57479,100.50080,102.61247,205.06097,107.92521,190.01087,129.20468,76.12155,84.29976,110.99842,105.84007,104.44027,53.31585,70.14164,63.86588,91.01566,64.84597,46.49054,53.47336,28.56169,26.73668,87.67406,131.39912,130.27425,82.94203,185.69060,188.70066,186.16554,189.58993,192.23304,90.22683,102.85806,199.57395,123.20735,140.79194,97.82934,158.97185,116.72275,266.32675,229.32015,94.68400,232.07249,225.99542,82.12685,201.44044,46.76109,45.29945,259.27038,43.11160,155.90029,151.05075,193.06248,186.77441,140.16333,52.28049,71.74204,90.31999,66.76301,124.93582,196.45226,62.46791,78.78185,51.30624,96.40047,101.50000,164.86698,110.23815,162.52941,44.36147
94.10489,98.64264,129.33480,101.50000,126.60750,102.61247,103.83458,113.43412,115.12671,124.73372,114.90735,73.82195,114.39388,72.50000,96.40047,88.53316,94.10489,98.64264,104.56099,92.84530,96.53124,99.78697,105.56159,105.08249,17.64001,39.01551,55.70718,0.00000,16.90976,58.00000,62.06271,22.64972,11.60000,49.55522,78.88853,72.73163,76.56220,36.33690,43.11160,64.84597,67.63904,43.88496,56.00830,92.80000,101.66558,162.63287,151.49551,145.11595,153.72736,115.45497,104.56099,139.50176,147.92843,110.80884,165.32544,129.46478,109.77946,158.97185,163.56103,152.24310,155.90029,158.22949,218.34901,161.25669,237.62310,174.48266,129.69194,130.85396,147.92843,148.92001,152.62929,107.92521,121.17698,113.73029,122.35113,101.66558,95.39193,84.10000,73.36484,66.13017,100.16551,127.20393,121.14227,98.12976,230.92815,233.46351,229.99761,232.45268,245.95351,145.72320,157.91026,253.62983,111.94150,156.97548,75.90026,197.28528,63.33696,210.74442,282.50823,147.33028,203.26911,204.11551,96.40047,256.67867,100.66802,100.50080,250.71167,98.77044,197.39182,199.10987,206.38956,206.47104,191.50982,106.71054,120.86426,145.95386,83.69904,150.82788,221.95896,114.28355,118.33279,5.80000,57.12338,143.07320,219.65466,112.61563,137.55908,94.10489
94.81714,101.99593,127.10472,96.40047,130.85396,99.19526,103.75355,106.94672,111.03630,124.53128,111.41436,71.62472,115.78230,72.73163,93.38720,89.94676,88.20006,90.08690,98.51467,88.39055,90.31999,94.32804,100.50080,100.66802,11.95701,37.70000,52.28049,16.90976,0.00000,58.72052,58.00000,8.70000,9.17061,55.17626,84.54880,76.78157,80.21004,40.70344,49.30000,72.55798,69.72073,52.92003,61.17557,102.53048,112.05414,172.66572,159.50000,155.03477,162.81376,118.33279,109.20339,143.48408,157.02904,118.93536,170.68169,134.93573,116.32579,157.69708,158.01674,147.70085,152.24310,153.91871,201.44044,160.15773,240.33285,178.06094,121.45427,119.21787,133.52603,135.92928,141.23923,101.00163,111.56523,103.75355,107.33918,88.20006,85.63597,70.14164,63.66805,55.78261,83.49784,110.73292,105.08249,81.66474,217.88632,220.26641,216.55059,218.73383,244.51317,141.86307,154.89910,251.83290,127.73175,168.89855,92.30022,182.72301,75.90026,218.34901,281.58388,146.75834,191.68539,190.78386,107.61306,249.46743,98.98308,97.44173,266.86304,94.68400,183.52670,187.22414,219.27145,218.04066,191.94846,104.56099,122.24799,141.62574,67.70118,160.44628,205.55252,114.13628,123.48008,12.30366,73.93578,147.87157,216.95799,95.74393,154.43691,94.81714
36.33690,43.88496,71.80063,48.61286,73.02013,46.76109,45.85303,62.60240,59.71465,66.76301,58.72052,18.34121,57.12338,14.50000,40.28809,31.23396,43.88496,55.40442,53.47336,39.44426,46.76109,47.82803,52.28049,50.64632,46.85093,21.11232,14.50000,58.00000,58.72052,0.00000,16.90976,66.95170,51.87678,17.40000,31.23396,21.11232,23.38055,22.64972,21.11232,29.00000,11.60000,29.14464,15.61698,58.00000,68.44246,123.88805,106.35530,106.63170,111.94150,59.78503,52.20000,85.34085,106.39483,67.88726,113.43412,78.30000,61.99492,101.00163,109.01069,96.53124,99.19526,102.16071,219.42482,103.26606,181.61503,119.57006,82.02439,94.41716,123.37787,116.75877,113.43412,58.64887,78.35369,73.02013,104.56099,78.08489,56.97596,67.70118,41.82439,41.01219,102.16071,145.46326,143.98142,97.44173,195.07755,198.24210,196.04515,199.76349,187.96385,89.33695,100.66802,195.68017,110.42871,126.34152,87.43392,170.58312,115.01709,266.31096,224.52069,89.33695,244.03117,238.89383,67.70118,203.62048,43.11160,44.26658,245.42294,44.17148,166.71848,159.52636,178.60328,172.56828,133.80916,49.38522,63.60197,90.08690,81.25177,110.99842,209.96481,56.30781,66.70000,54.71709,90.04021,90.31999,162.01114,124.53128,151.30109,36.33690
40.70344,52.92003,69.17579,39.44426,81.40688,41.21674,47.82803,51.87678,53.31585,67.88726,53.47336,14.78716,61.51829,21.11232,35.39901,37.81137,32.42299,40.70344,42.81799,30.82742,35.04083,37.81137,43.50000,43.11160,47.20858,23.38055,6.48460,62.06271,58.00000,16.90976,0.00000,65.16939,53.31585,33.06509,45.85303,35.39901,36.33690,32.42299,34.92062,45.85303,24.94674,43.88496,32.42299,73.93578,84.29976,137.52851,118.33279,120.62048,124.93582,66.70000,62.60240,92.80000,119.57006,81.71622,121.93802,88.20006,74.33283,99.99745,101.50000,90.31999,94.41716,96.40047,203.10355,102.53048,185.69060,125.54019,69.72073,78.78185,106.63170,100.66802,98.60000,46.85093,64.06309,58.00000,87.67406,61.17557,41.01219,51.30624,24.94674,24.94674,87.04832,132.06945,131.52707,82.07564,180.01036,183.06788,180.63997,184.16713,186.61675,84.10000,96.92249,193.86668,127.20393,141.59605,102.98063,154.16439,123.20735,272.73879,223.80786,89.52502,234.90000,228.05140,84.10000,194.96974,41.52168,39.44426,262.28572,36.91097,150.71632,145.11595,193.86668,186.79692,135.18480,46.76109,67.70118,84.10000,66.19373,124.56504,193.06248,57.78209,76.78157,57.56336,102.53048,98.77044,158.97185,110.42871,167.39809,40.70344
102.85806,110.42871,134.34232,102.85806,139.35096,106.19703,111.60291,112.80217,117.76285,132.29214,118.33279,79.15460,123.88805,80.78465,100.54263,98.12976,94.41716,95.12707,104.60120,95.12707,96.40047,100.66802,106.94672,107.33918,20.50610,45.85303,59.71465,22.64972,8.70000,66.95170,65.16939,0.00000,17.64001,63.86588,93.20692,85.34085,88.72294,49.38522,58.00000,81.25177,78.08489,61.51829,69.84125,111.14985,120.62048,181.29060,168.20000,163.66383,171.49277,126.67391,117.76285,151.93897,165.70652,127.63295,179.26129,143.54268,125.00312,165.12183,164.04877,154.13711,158.97185,160.42007,197.20000,167.62401,248.53863,186.43640,126.44133,122.24799,134.18573,137.86443,144.33146,106.71054,115.89120,107.92521,107.45664,90.04021,90.08690,71.74204,68.44246,60.34509,80.88869,104.76187,98.51467,79.63128,219.55892,221.80735,217.88632,219.82689,251.78280,148.55248,161.82935,258.99452,134.56125,177.27992,98.51467,183.06788,75.40000,214.08993,288.96867,154.38245,183.13678,182.60791,116.07248,254.62264,106.47385,104.56099,273.35481,101.50000,184.55487,189.83374,227.46059,226.49724,199.74243,111.90393,130.33879,148.15566,66.76301,169.09760,203.26911,121.93802,132.06945,19.45379,78.08489,156.41192,223.88301,91.01566,159.50000,102.85806
88.20006,94.46169,121.83452,92.48227,123.10491,94.41716,97.48487,103.83458,106.63170,118.36832,106.71054,66.13017,108.97211,66.19373,88.39055,83.04336,84.69787,88.20006,95.12707,84.10000,87.00000,90.59890,96.57479,96.40047,6.48460,31.36830,47.20858,11.60000,9.17061,51.87678,53.31585,17.64001,0.00000,46.76109,76.28709,68.93221,72.50000,32.42299,40.70344,63.80000,62.46791,43.88496,52.92003,93.52219,102.98063,163.66383,150.82788,146.04027,153.94603,110.99842,101.29265,135.83645,148.15566,110.20000,162.65872,126.83978,107.92521,152.04963,154.46414,143.60125,147.70085,149.70855,208.41701,154.43691,233.19318,170.58312,119.42931,119.57006,136.33085,137.40615,141.41775,98.12976,110.42871,102.85806,110.80884,90.08690,84.54880,72.50000,62.46791,55.02363,89.52502,119.00605,113.69332,87.24133,219.42482,221.94001,218.44528,220.87646,239.01701,137.40615,150.04523,246.50000,119.21787,159.73710,84.29976,185.69060,74.55877,220.41908,275.88132,140.79194,200.77134,199.95284,98.47198,246.92610,93.38720,92.48227,258.50698,90.22683,185.80379,187.80719,210.10495,208.90067,185.62265,99.19526,115.45497,137.40615,72.50000,151.49551,210.92392,107.92521,115.45497,5.80000,67.88726,139.98321,212.01757,103.26606,147.24463,88.20006
