0.0000,27.3415,64.8460,56.3659,69.2028,41.2960,17.4268,78.0849,58.2010,51.3790,53.1667,43.5000,35.1872,36.8096,34.8537,10.8077,61.5183,88.8598,67.1468,47.8476,65.0258,58.9984,58.4014,52.0566,138.4056,95.2056,73.9358,156.8415,158.0286,60.5615,67.8391,171.4301,147.0001,78.6810,48.5744,43.2306,36.8096,96.6667,88.8598,71.8527,44.5611,96.6667,68.6946,90.2941,104.1132,173.0576,136.1937,147.3176,150.1448,43.7677,44.5611,87.1342,142.1526,86.0551,136.1079,82.5920,68.3537,109.3658,134.8145,111.5862,112.4205,119.3745,387.6924,112.8353,243.0643,141.4937,111.5862,150.1448,209.1778,189.0569,173.2600,77.9352,116.9027,114.0708,189.4889,146.1234,99.6417,140.9147,96.3035,103.3249,204.8330,283.6883,284.4695,195.7351,306.0687,312.0402,310.2759,317.9731,253.7385,97.8675,112.7317,266.9296,199.1075,188.2520,178.2445,279.3734,246.9261,500.1508,314.1667,89.1223,459.1921,446.7893,110.2170,291.9669,24.6453,36.8096,406.3738,45.5976,268.0649,243.8320,273.5001,256.2123,162.4748,33.8333,45.8530,100.9230,171.2938,151.7697,359.2633,34.1768,64.8460,151.6928,196.7469,97.7481,212.3369,246.3104,275.5000,
27.3415,0.0000,77.9352,83.1558,48.5744,67.1468,35.1872,103.7761,81.0214,56.5727,75.0335,65.7404,32.4230,53.3859,61.8969,26.0283,88.8598,116.2012,93.8464,75.1890,92.3407,86.0551,84.5488,77.9352,150.0670,108.0766,91.9604,164.4044,169.9932,73.1416,88.2001,184.0479,157.4361,82.1667,37.7495,43.2306,36.8096,104.1132,92.9710,65.0258,54.0383,96.6667,71.3633,67.8391,79.7134,146.1234,110.4287,120.0575,123.5103,28.1829,17.4268,69.2028,115.2930,58.9984,116.1007,58.8000,41.0122,112.7317,150.5333,126.5004,124.2646,132.7188,414.7101,115.2930,231.6473,126.8692,136.4507,176.9951,236.4384,215.8288,198.8727,104.5610,143.4613,141.1631,216.6390,173.0576,126.8692,166.4520,121.2194,126.8692,229.7740,307.4015,307.2115,220.8574,330.1559,336.2555,334.8980,342.8602,253.0009,112.1083,122.2747,266.9296,178.8333,160.9580,165.1841,305.8778,246.1681,499.0285,311.4782,91.1952,478.7196,468.2350,87.5354,304.8067,49.7622,63.0190,380.4850,72.5000,294.0002,267.5851,246.1681,229.2651,157.8067,56.5727,41.5779,116.4021,195.7351,124.7337,386.5760,43.7677,39.8567,160.6674,190.4726,77.4842,215.8288,270.5372,256.8952,
64.8460,77.9352,0.0000,58.8000,82.1667,47.6028,47.6028,59.7850,33.8333,26.0283,29.4000,92.8453,48.5744,95.9389,56.3659,75.6536,73.9358,91.9604,62.8333,67.3205,73.1416,63.5726,53.3859,49.2905,193.3333,150.9982,124.7337,215.5580,211.8412,119.6677,115.2930,223.9039,203.0575,142.1526,111.5862,108.0766,101.6150,157.3619,151.7697,136.4507,107.3174,160.8854,132.7188,145.0805,154.9685,194.4178,151.7697,175.1375,170.2678,64.4847,87.1342,85.5104,164.9718,127.9693,128.6974,99.5244,108.0766,52.0566,72.6609,48.5744,47.6028,55.1085,382.5973,56.5727,203.5172,117.6994,79.2726,130.1415,193.1520,165.3254,140.1667,68.3537,97.2690,102.4165,188.0036,151.7697,106.4431,159.5732,124.2646,136.1079,222.5434,304.6534,309.4843,212.8863,261.6258,268.0649,268.1084,276.9799,195.7351,34.1768,48.3333,207.8895,256.3490,220.4869,241.6667,249.7014,310.3136,563.1611,257.8030,38.6667,492.1938,473.8886,164.3333,227.7829,47.8476,49.7622,448.0424,56.5727,234.0052,198.8727,298.9642,274.1825,113.7632,37.7495,45.8530,38.6667,193.5748,175.7367,341.2552,34.1768,91.7061,209.1778,261.5811,99.1717,150.5333,266.0090,334.7585,
56.3659,83.1558,58.8000,0.0000,115.2930,17.4268,51.3790,24.1667,26.0283,69.2028,29.4000,50.4615,73.7776,63.0190,21.6153,62.8333,15.2843,36.8096,10.8077,15.2843,14.5000,4.8333,6.8354,9.6667,143.7053,104.5610,76.4217,169.1667,160.6674,81.0214,65.7404,171.4301,154.1371,109.0450,99.6417,87.5354,83.4363,116.8028,116.2012,116.1007,77.4842,128.9694,102.5305,145.4022,160.0118,225.9809,186.5692,201.6722,202.3661,89.9052,99.6417,127.6037,195.0775,142.1526,175.9360,131.4809,123.7937,110.2170,103.4379,85.5104,93.8464,95.9389,336.6027,114.8870,262.1164,171.6344,58.2010,93.8464,153.8337,132.7188,117.6994,21.6153,60.5615,58.2010,138.4900,97.8675,50.4615,101.6150,65.7404,78.0849,165.4667,247.2570,251.3333,155.8703,252.1685,257.9388,255.6189,262.9618,250.7750,76.4217,99.5244,261.9827,251.1939,243.8320,222.5434,223.0153,270.4076,520.2966,313.4222,97.1488,433.4398,415.6948,165.1841,259.6089,34.1768,20.5061,462.6134,10.8077,212.0066,190.7177,328.1687,308.8042,172.5168,32.4230,80.0059,75.4991,135.3333,205.1749,304.1930,58.4014,116.4021,161.5375,231.0414,140.4996,202.4238,208.7306,325.1292,
69.2028,48.5744,82.1667,115.2930,0.0000,97.8675,64.8460,130.0517,102.5305,56.3659,95.6951,112.1083,41.5779,101.5000,97.2690,72.6609,125.3875,151.6928,124.7337,112.4205,127.6952,119.3745,114.0708,107.3174,198.1667,156.5433,140.1667,211.0125,218.0899,121.7002,135.6781,232.2516,205.1749,128.4249,80.0059,90.2941,84.4105,151.3844,139.1631,106.1134,102.5305,140.4996,117.6994,84.5488,87.1342,113.2486,71.8527,92.9710,89.1223,26.0283,36.8096,21.6153,83.1558,55.1085,67.6667,17.4268,38.9676,92.3407,148.8949,125.4806,117.6001,127.9693,451.8844,92.9710,185.9420,80.0059,157.8067,205.1749,267.3668,242.6795,220.4339,134.3806,171.0208,172.1101,253.6464,211.8412,164.3333,209.4011,165.3254,172.5168,273.6281,352.8664,353.6270,264.4235,343.7108,350.1749,350.2750,359.1333,218.5714,111.5862,111.5862,233.2553,189.9199,138.4056,191.6951,329.8728,286.1480,537.1093,273.7562,72.5000,526.9220,515.6059,99.6417,291.4464,82.1667,95.3282,366.8242,106.1134,315.2060,280.9992,217.5000,194.8379,120.8333,83.1558,37.7495,117.6994,240.3581,93.8464,417.4612,58.2010,17.4268,207.8895,225.5671,29.0000,188.5000,315.3912,269.6290,
41.2960,67.1468,47.6028,17.4268,97.8675,0.0000,34.1768,36.8096,21.6153,53.3859,20.5061,48.3333,56.3659,56.5727,10.8077,49.2905,29.4000,54.0383,27.3415,19.9283,30.5687,21.6153,17.4268,10.8077,147.3176,106.0033,78.6810,171.0208,165.3254,77.9352,68.6946,176.9951,157.3619,104.1132,87.5354,77.4842,72.5000,115.2930,112.4205,106.7718,70.3744,123.8881,96.3035,131.4809,145.4022,208.7306,169.1667,184.6814,185.0605,72.5000,83.1558,110.4287,177.8509,126.0379,158.9865,114.0708,107.3174,99.6417,103.7761,83.1558,88.8598,92.8453,354.0231,104.1132,248.8111,155.8703,70.3744,110.2170,170.8841,148.8949,132.0128,37.7495,76.4217,75.1890,155.8703,114.8870,67.3205,116.9027,77.9352,89.1223,181.1694,262.6062,266.0090,171.6344,264.9531,270.8824,269.0218,276.6846,242.8720,71.8527,92.8453,254.7034,239.2378,227.2181,214.0354,238.7491,269.4990,521.0369,305.1514,84.4105,446.7893,430.1938,151.3844,261.6258,17.4268,4.8333,447.4424,9.6667,226.9609,202.8849,311.1781,291.4865,160.6674,15.2843,62.8333,72.5000,150.1448,188.0036,321.2622,41.2960,99.1717,164.0488,226.2909,123.2263,196.2714,224.2167,314.5011,
17.4268,35.1872,47.6028,51.3790,64.8460,34.1768,0.0000,69.7073,45.8530,34.8537,39.8567,55.1085,24.6453,52.2805,32.4230,28.1829,60.5615,87.1342,61.5183,47.6028,63.0190,55.1085,51.3790,44.5611,153.5297,110.3229,87.1342,173.0576,172.9226,76.4217,79.7134,186.0049,162.4748,95.9389,64.4847,60.5615,54.0383,113.2486,106.0033,88.8598,61.5183,114.0708,86.0551,102.5305,114.8870,174.6031,135.4196,150.5333,150.9982,38.9676,49.7622,79.7134,143.7053,92.9710,128.9694,80.4427,73.7776,92.3407,118.4906,94.9599,95.2056,102.4165,387.4211,95.9389,229.7740,130.5895,101.6150,144.1922,205.0610,182.7102,164.3333,71.8527,110.2170,109.3658,189.0569,147.0001,99.5244,145.4022,102.5305,111.2717,209.8468,290.0805,291.9669,200.5105,294.9918,301.1054,299.8225,307.8572,237.0305,81.0214,95.3282,250.0754,212.8863,193.3333,194.5979,272.1300,264.2468,517.4376,297.7898,72.5000,469.2318,455.2579,122.3702,275.1182,17.4268,30.9484,415.2168,41.5779,259.6089,232.4024,277.0221,257.4402,147.0001,21.6153,33.8333,84.4105,177.2588,153.8337,355.4390,17.4268,65.0258,167.5710,214.0899,91.7061,195.0775,252.1685,290.1611,
78.0849,103.7761,59.7850,24.1667,130.0517,36.8096,69.7073,0.0000,28.1829,77.9352,34.8537,73.9358,88.8598,87.1342,44.5611,85.6469,32.4230,35.1872,15.2843,38.9676,28.1829,24.6453,19.9283,26.0283,162.4029,125.3875,97.2690,189.0569,178.2445,104.3373,86.4613,188.0036,173.0576,132.7188,123.2263,111.5862,107.3174,139.1631,139.4984,140.2500,101.6150,152.6140,126.5004,168.1278,182.1981,242.6795,201.9038,219.6908,218.7317,106.0033,119.3745,139.4146,212.0066,162.4748,185.9420,147.0001,143.4613,106.4431,85.5104,71.3633,82.5920,82.1667,324.4099,111.2717,261.0000,177.3247,34.1768,75.1890,137.3891,113.2486,95.2056,10.8077,41.0122,43.2306,128.4249,92.3407,49.2905,103.3249,76.4217,89.9052,164.4044,246.5474,252.4925,154.7422,228.6018,234.4540,232.4024,239.9690,240.5524,65.7404,90.2941,250.8216,274.9483,262.9618,246.6895,202.4238,291.8069,540.2318,303.3855,97.7481,437.0627,416.6771,188.0036,238.7491,54.0383,41.2960,484.2026,34.1768,190.2271,166.8725,346.0140,324.8417,169.4426,48.3333,92.8453,62.8333,137.4741,222.3859,287.4107,71.8527,133.6834,180.9759,254.3821,152.8434,190.2271,207.8895,349.2062,
58.2010,81.0214,33.8333,26.0283,102.5305,21.6153,45.8530,28.1829,0.0000,49.7622,6.8354,69.7073,61.8969,78.0849,32.4230,67.6667,41.2960,58.2010,29.0000,37.7495,39.8567,30.5687,19.9283,17.4268,167.5013,126.8692,99.1717,191.8779,185.0605,99.5244,88.8598,196.2714,177.7195,125.6667,106.3333,97.7481,92.3407,136.7927,134.0324,127.1451,91.7061,145.4022,117.6994,147.8716,160.6674,215.5580,174.3353,193.3333,191.5123,79.2726,95.2056,111.2717,185.0605,138.4056,157.8067,119.6677,118.8843,84.4105,82.1667,61.8969,68.6946,71.8527,352.5684,89.1223,237.2768,150.0670,56.3659,102.7581,165.3254,140.1667,119.3745,35.1872,68.6946,71.3633,156.1698,118.4906,72.6609,125.7596,91.7061,104.1132,188.7477,270.8392,275.6695,179.0944,249.1395,255.2531,254.0145,262.1164,224.8929,51.3790,73.7776,236.2408,257.3041,237.2768,234.4540,228.1415,291.0052,542.3034,287.4919,72.5000,458.6576,440.0723,167.7800,240.0177,33.8333,26.0283,460.8172,27.3415,214.6892,186.5692,319.3294,297.3580,147.0001,24.6453,65.0258,51.3790,159.7927,195.5560,315.0948,44.5611,107.3174,184.6814,247.7761,124.7337,176.9951,232.2013,333.5350,
51.3790,56.5727,26.0283,69.2028,56.3659,53.3859,34.8537,77.9352,49.7622,0.0000,43.2306,88.8598,24.6453,87.1342,58.2010,61.5183,82.7333,105.5616,76.4217,72.5000,83.4363,73.9358,65.7404,59.7850,188.2520,145.0805,121.2194,207.8895,207.5521,111.2717,113.1454,220.4869,197.2805,129.8719,92.9710,92.8453,86.0551,147.9505,140.1667,119.3745,95.9389,147.3176,119.6677,121.7002,130.5000,169.1667,126.8692,149.2866,145.0000,38.9676,63.0190,61.8969,139.4146,102.5305,108.0766,73.7776,82.7333,58.2010,96.7874,72.6609,68.3537,77.4842,402.3296,61.5183,197.1621,102.5305,102.5305,151.7697,214.6348,188.2520,164.6174,84.4105,117.9967,121.1230,205.6298,166.6624,119.5701,170.2678,130.5895,140.9147,234.4540,315.9832,319.3294,224.8929,287.6138,294.0399,294.0002,302.8075,202.3661,58.2010,65.7404,215.5580,232.8042,194.5379,221.7547,274.1825,297.8290,551.1060,262.9618,37.7495,499.3327,483.4300,140.4996,248.5292,44.5611,53.1667,422.0250,63.0190,259.0685,224.8409,273.6281,249.7014,112.4205,38.6667,19.9283,63.5726,203.5172,150.1448,363.8829,17.4268,65.7404,202.4238,245.4077,75.4991,161.5375,277.5697,311.7406,
53.1667,75.0335,29.4000,29.4000,95.6951,20.5061,39.8567,34.8537,6.8354,43.2306,0.0000,68.6946,55.1085,75.6536,30.9484,63.0190,44.5611,63.5726,34.1768,38.9676,43.7677,34.1768,24.1667,19.9283,167.7800,126.5004,99.1717,191.5123,185.6906,97.8675,89.1223,197.2213,177.8509,123.2263,101.6150,93.8464,88.2001,135.4196,131.9243,123.2263,88.8598,142.8084,114.8870,142.2347,154.7422,208.7306,167.5013,186.5692,184.6814,72.5000,88.8598,104.5610,178.2445,132.0128,151.3073,112.8353,112.4205,81.0214,84.4105,63.0190,68.3537,72.5000,359.1333,85.6469,232.8042,144.1922,63.0190,109.5792,172.1101,147.0001,126.0379,41.2960,75.4991,77.9352,162.4748,124.2646,77.9352,130.5000,94.9599,106.9904,193.8763,275.8813,280.3750,184.2381,255.2531,261.4025,260.2830,268.4568,223.0153,51.3790,72.5000,234.6532,252.0758,230.5860,230.4340,234.9020,289.5566,541.3549,285.4532,67.8391,462.8153,444.7717,162.1149,242.4388,29.4000,24.1667,454.4362,28.1829,221.3329,192.6070,312.5265,290.5231,143.1352,19.3333,58.2010,52.2805,164.4044,188.7477,321.9160,37.7495,100.5752,184.5549,245.0266,117.9967,175.9360,237.2768,328.6667,
43.5000,65.7404,92.8453,50.4615,112.1083,48.3333,55.1085,73.9358,69.7073,88.8598,68.6946,0.0000,77.9352,17.4268,37.7495,39.8567,43.5000,65.7404,58.8000,35.1872,48.3333,49.2905,56.5727,54.0383,100.5752,58.2010,32.4230,123.0366,119.3745,30.5687,24.6453,131.9243,110.2170,58.8000,61.8969,45.5976,44.5611,67.1468,65.7404,70.3744,30.5687,78.6810,53.1667,110.2170,126.8692,209.8468,175.9360,182.3903,188.0657,87.1342,82.5920,130.5895,179.4202,117.9967,179.4202,124.2646,103.7761,143.4613,151.6928,131.4809,136.8781,141.1631,353.3626,147.5553,284.8798,184.6814,106.7718,131.4809,184.0479,169.7181,161.3204,67.8391,102.5305,94.9599,157.3619,112.8353,71.3633,101.9593,56.3659,61.1374,164.4044,241.6667,241.7150,155.6453,297.3580,302.8075,299.5887,306.1832,288.2629,120.0575,140.1667,300.6395,207.8895,219.6908,174.0671,260.2830,221.3329,472.7040,349.9413,125.3875,415.6948,403.5182,128.6974,309.1067,45.5976,44.5611,427.7978,43.2306,252.3074,237.2768,306.4882,292.6063,201.2084,55.1085,88.2001,120.8333,130.1415,188.2520,331.5681,71.8527,105.5616,116.4021,180.5882,140.9147,243.2564,204.8330,278.9131,
35.1872,32.4230,48.5744,73.7776,41.5779,56.3659,24.6453,88.8598,61.8969,24.6453,55.1085,77.9352,0.0000,71.8527,56.5727,43.2306,84.4105,110.3229,83.1558,71.8527,86.4613,77.9352,72.5000,65.7404,173.2600,130.1415,109.0450,190.6565,192.9705,95.2056,102.5305,206.4801,181.6202,110.2170,69.7073,71.8527,65.0258,130.1415,120.8333,96.6667,77.9352,126.5004,99.6417,97.1488,106.4431,153.8337,113.2486,131.4809,129.8719,17.4268,38.6667,55.1085,123.2263,79.7134,104.3373,58.2010,59.7850,80.4427,120.8333,96.6667,92.9710,101.9593,410.3782,83.1558,207.8895,106.7718,117.9967,164.0488,225.9809,201.9038,180.9759,92.8453,129.8719,130.5895,212.2268,170.8158,123.2263,169.9932,127.1451,135.6781,234.4540,314.7239,316.5372,225.1005,307.8572,314.1667,313.6085,322.0973,222.1757,82.1667,90.2941,235.8449,208.3385,175.7367,197.4581,290.0000,276.8534,530.0164,281.5806,58.9984,493.2132,479.6946,116.1007,273.1582,41.2960,54.0383,401.1958,64.8460,276.1775,245.0266,257.4402,236.0429,128.6974,41.5779,10.8077,87.1342,201.9038,133.6834,376.1936,17.4268,45.5976,185.9420,222.5434,67.3205,183.7303,276.8112,287.1667,
36.8096,53.3859,95.9389,63.0190,101.5000,56.5727,52.2805,87.1342,78.0849,87.1342,75.6536,17.4268,71.8527,0.0000,45.8530,29.4000,58.8000,82.5920,72.5000,48.3333,63.5726,62.8333,68.3537,64.4847,101.6150,58.4014,38.6667,120.8333,121.2194,24.1667,35.1872,134.6411,110.3229,47.6028,44.5611,28.1829,27.3415,61.5183,56.3659,54.0383,14.5000,67.3205,39.8567,92.8453,109.5792,194.5379,162.0429,166.6624,173.2600,77.9352,69.2028,121.2194,164.4044,101.9593,169.1667,112.1083,88.8598,144.1922,160.0118,138.4900,142.1526,147.5553,370.1210,147.9505,279.7076,177.2588,120.8333,148.2660,201.4404,186.6943,177.2588,82.3087,118.4906,111.5862,174.6031,130.0517,88.7282,117.9967,72.5000,75.6536,179.4202,255.2531,254.3821,170.8841,313.0866,318.6336,315.6503,322.4235,289.1125,126.0379,144.1922,301.9963,191.2071,203.0575,159.5732,277.3592,214.6348,467.2611,350.0415,124.7337,425.4432,414.9073,111.2717,318.0098,48.3333,52.0566,410.3782,54.0383,269.0218,252.4925,290.0000,276.9799,199.0488,58.9984,82.5920,127.6952,144.8388,172.9226,348.9720,69.7073,92.9710,115.2930,169.7181,130.5000,246.0732,218.9985,263.1838,
34.8537,61.8969,56.3659,21.6153,97.2690,10.8077,32.4230,44.5611,32.4230,58.2010,30.9484,37.7495,56.5727,45.8530,0.0000,41.2960,28.1829,55.1085,32.4230,15.2843,30.9484,24.1667,24.6453,19.3333,137.3891,95.6951,68.6946,160.6674,155.6453,67.1468,58.9984,167.5710,147.3176,93.3472,78.6810,67.6667,63.0190,104.5610,101.6150,96.7874,59.7850,113.1454,85.6469,123.8881,138.4056,206.0837,167.5710,181.1694,182.7102,71.3633,78.6810,111.5862,175.1375,120.8333,160.6674,112.7317,102.7581,108.0766,114.5816,93.8464,99.1717,103.4379,355.2418,112.4205,255.0700,159.7927,78.6810,115.2930,174.6031,154.2129,139.1631,43.2306,82.1667,79.2726,156.8415,114.5816,67.1468,113.7632,72.5000,82.7333,178.2445,259.0685,261.7151,168.8211,273.1582,278.9968,276.8534,284.3052,252.0758,82.3087,102.7581,264.1141,230.4340,222.8057,203.9186,244.5972,258.7527,510.4146,314.1667,91.7061,441.1327,425.5804,143.7053,272.4303,15.2843,6.8354,441.0003,10.8077,233.6056,211.3996,307.5914,289.1125,168.1278,19.9283,64.4847,83.1558,146.2832,185.0605,324.8417,43.7677,96.6667,153.8337,215.5580,123.8881,206.0837,220.9103,305.1131,
10.8077,26.0283,75.6536,62.8333,72.6609,49.2905,28.1829,85.6469,67.6667,61.5183,63.0190,39.8567,43.2306,29.4000,41.2960,0.0000,65.7404,92.8453,73.6191,52.2805,69.7073,64.8460,65.7404,59.7850,130.1415,87.1342,67.8391,147.5553,149.9113,52.0566,63.0190,163.5496,138.4056,68.3537,38.6667,32.4230,26.0283,87.1342,78.6810,61.1374,34.8537,86.0551,58.2010,82.5920,97.2690,171.6344,136.4507,145.0000,149.2866,48.5744,43.2306,91.9604,140.9147,82.0244,140.2500,84.4105,65.7404,119.6677,145.4022,122.2747,123.2263,130.1415,389.5859,123.0366,250.6818,147.8716,119.5701,155.8703,213.6530,194.8379,180.4588,84.4105,123.2263,119.3745,191.8779,147.9505,102.5305,140.4996,95.2056,100.9230,203.7466,281.4976,281.5391,194.8379,314.1667,320.0601,318.0466,325.5601,263.7158,108.6157,123.5103,277.0221,190.0428,184.5549,167.7800,285.4532,236.4384,489.6956,323.8694,99.1717,454.3590,443.0351,102.4165,302.6917,33.8333,44.5611,400.0295,52.0566,274.8208,252.1685,270.5372,254.7034,171.6344,43.7677,54.0383,111.5862,169.7181,150.1448,363.3047,44.5611,65.7404,142.7266,185.9420,101.6150,222.8057,244.5495,265.8773,
61.5183,88.8598,73.9358,15.2843,125.3875,29.4000,60.5615,32.4230,41.2960,82.7333,44.5611,43.5000,84.4105,58.8000,28.1829,65.7404,0.0000,27.3415,17.4268,13.6707,4.8333,10.8077,21.6153,24.6453,130.5895,92.9710,64.8460,156.8415,147.0001,73.1416,54.0383,157.3619,141.1631,101.9593,99.6417,85.6469,82.5920,106.9904,108.0766,112.8353,73.1416,121.7002,96.6667,147.0001,162.4748,234.0052,195.7351,208.7306,210.7356,99.5244,106.0033,139.1631,203.0575,147.3176,188.0036,140.9147,129.8719,125.4806,116.4021,99.6417,108.6157,110.2170,327.0992,130.1415,277.0221,185.2498,63.5726,90.8101,147.9505,129.6919,118.4906,24.6453,59.7850,54.0383,128.6974,86.4613,38.9676,87.5354,50.4615,62.8333,151.7697,233.2553,236.8826,142.2347,254.2903,259.8338,256.8952,263.7601,265.8773,91.1952,114.5816,276.9799,249.7014,249.7014,217.5537,220.4869,259.3839,508.0751,328.5600,112.1083,418.4673,401.1667,166.4520,271.0548,43.2306,30.5687,465.2319,19.9283,211.0125,193.8763,335.0027,317.0902,187.6927,44.5611,91.7061,89.9052,120.9300,212.8863,297.8290,70.3744,124.7337,148.8949,222.8057,151.6928,217.2313,194.8379,321.9522,
88.8598,116.2012,91.9604,36.8096,151.6928,54.0383,87.1342,35.1872,58.2010,105.5616,63.5726,65.7404,110.3229,82.5920,55.1085,92.8453,27.3415,0.0000,29.4000,41.0122,24.1667,32.4230,39.8567,45.8530,136.1937,104.3373,77.9352,164.4044,150.1448,92.3407,67.8391,158.5451,147.0001,121.2194,125.3875,110.4287,108.0766,121.7002,125.6667,136.1079,96.3035,140.2500,117.6001,173.2600,189.0569,261.1790,222.5434,236.0429,237.8177,126.0379,133.3334,164.4044,230.2311,174.6031,212.7216,167.5710,157.2134,140.9147,117.9967,106.0033,117.6994,116.8028,300.2897,145.7232,294.9918,207.6084,52.2805,65.7404,120.8333,104.1132,96.7874,24.6453,38.9676,29.4000,101.9593,61.1374,14.5000,68.3537,44.5611,58.2010,130.5895,212.7216,217.9828,120.9300,232.8042,238.0631,234.4540,240.7951,275.5424,100.9230,125.4806,285.6169,273.6281,277.0221,238.0631,194.8379,269.2822,513.9268,338.3679,130.5895,402.0683,382.3225,192.4856,265.8333,69.7073,56.3659,491.6001,45.5976,186.5692,174.0671,362.3389,344.2202,203.9186,69.2028,116.8028,97.8675,102.5305,240.1150,270.5372,95.2056,151.7697,155.6453,238.6022,177.2588,224.8409,174.0671,344.1184,
67.1468,93.8464,62.8333,10.8077,124.7337,27.3415,61.5183,15.2843,29.0000,76.4217,34.1768,58.8000,83.1558,72.5000,32.4230,73.6191,17.4268,29.4000,0.0000,24.1667,13.6707,9.6667,10.8077,17.4268,147.9505,110.3229,82.1667,174.2683,164.1911,89.1223,71.3633,174.3353,158.5451,117.6001,110.2170,97.7481,93.8464,123.8881,124.2646,126.0379,87.0000,137.4741,111.5862,156.1698,170.8158,236.0429,196.2714,212.0066,212.3369,99.6417,110.2170,136.1937,205.1749,152.8434,184.0479,141.1631,134.3806,112.8353,99.1717,83.1558,92.9710,93.8464,327.4204,117.6001,266.2285,178.2445,48.3333,83.1558,143.5427,121.9878,106.9904,10.8077,49.7622,47.8476,129.6919,90.2941,43.7677,96.7874,64.8460,77.9352,159.7927,241.8599,246.6895,150.1448,241.7150,247.4459,245.0266,252.3074,250.8216,75.6536,99.6417,261.5811,261.6258,254.3821,232.0503,212.2268,276.6846,525.5014,313.6085,101.5000,429.9494,411.0891,175.9360,253.6464,44.5611,30.9484,473.4200,21.6153,201.2084,180.4588,338.5059,318.7436,175.6702,41.5779,88.7282,73.7776,130.8575,215.3411,293.9207,67.1468,126.5004,166.3116,239.1401,149.2866,201.4404,203.2300,335.2118,
47.8476,75.1890,67.3205,15.2843,112.4205,19.9283,47.6028,38.9676,37.7495,72.5000,38.9676,35.1872,71.8527,48.3333,15.2843,52.2805,13.6707,41.0122,24.1667,0.0000,17.4268,14.5000,21.6153,20.5061,129.8719,89.9052,61.8969,154.7422,147.3176,65.7404,51.3790,158.5451,140.1667,93.8464,87.1342,73.9358,70.3744,101.6150,100.9230,101.9593,62.8333,113.7632,87.5354,134.0324,149.2866,220.4339,182.3903,195.0775,197.2213,86.4613,92.3407,126.8692,189.4889,133.6834,175.9360,127.6952,116.2012,119.3745,117.9967,99.1717,106.4431,109.3658,340.5357,123.8881,268.6307,174.6031,72.5000,103.7761,161.5375,142.7266,130.1415,34.1768,71.8527,67.1468,142.1526,99.5244,52.2805,98.5810,58.2010,69.2028,163.0489,244.0235,246.9261,153.6057,265.4376,271.0979,268.4568,275.5424,261.9827,89.1223,111.2717,273.5855,238.0141,236.0429,207.8895,233.4555,255.3903,505.6785,324.4099,104.3373,427.0873,410.9470,153.6057,274.6507,30.5687,19.3333,452.0911,10.8077,223.4861,204.4334,321.3349,303.5395,180.5882,33.8333,79.7134,88.8598,131.3031,199.2834,311.4782,58.8000,111.2717,147.3176,215.7746,139.1631,214.6348,205.8001,311.1781,
65.0258,92.3407,73.1416,14.5000,127.6952,30.5687,63.0190,28.1829,39.8567,83.4363,43.7677,48.3333,86.4613,63.5726,30.9484,69.7073,4.8333,24.1667,13.6707,17.4268,0.0000,9.6667,19.9283,24.1667,134.3806,97.2690,69.2028,160.8854,150.5333,77.9352,58.4014,160.6674,145.0000,106.7718,104.1132,90.2941,87.1342,111.5862,112.8353,117.6001,77.9352,126.5004,101.5000,151.3073,166.6624,237.0305,198.4023,212.0066,213.6530,101.9593,109.3658,140.9147,206.0837,150.9982,189.5505,143.4613,133.3334,124.2646,112.8353,96.6667,106.1134,107.3174,324.4099,128.9694,276.5579,185.9420,58.8000,86.4613,144.1922,125.3875,113.7632,19.9283,55.1085,49.7622,126.0379,84.4105,36.8096,87.1342,52.0566,64.8460,151.0755,232.8042,236.8333,141.4937,249.5143,255.0700,252.1685,259.0685,263.7158,88.7282,112.4205,274.6507,254.3821,253.2777,222.3859,216.1532,263.7158,512.0825,326.4558,111.5862,419.0531,401.1958,170.8158,266.9296,45.5976,32.4230,469.4558,21.6153,206.4801,189.0569,338.3679,320.0601,186.7569,45.8530,93.3472,87.1342,120.8333,215.9911,294.2385,71.8527,127.6037,152.8434,227.5263,153.6057,214.6892,194.2976,326.7419,
58.9984,86.0551,63.5726,4.8333,119.3745,21.6153,55.1085,24.6453,30.5687,73.9358,34.1768,49.2905,77.9352,62.8333,24.1667,64.8460,10.8077,32.4230,9.6667,14.5000,9.6667,0.0000,10.8077,14.5000,140.4996,101.9593,73.7776,166.3116,157.2134,79.7134,63.0190,167.7800,150.9982,108.0766,100.9230,88.2001,84.4105,114.8870,114.8870,116.4021,77.3333,127.9693,101.9593,147.2383,162.1149,229.6215,190.4726,205.0610,206.0837,93.8464,102.7581,132.0128,198.6964,145.0000,180.4588,135.4196,126.8692,114.8870,106.4431,89.1223,97.8675,99.6417,332.5179,119.5701,266.9296,176.4001,58.0000,91.1952,150.5333,130.1415,116.2012,19.9283,58.4014,55.1085,134.2936,93.3472,45.8530,96.7874,61.1374,73.6191,160.6674,242.4388,246.5000,151.0755,251.1939,256.8952,254.3821,261.5811,255.0700,80.4427,103.7761,266.1846,252.1685,246.9261,222.3859,220.6458,268.1084,517.5279,317.7526,101.9593,428.6434,410.8618,166.9425,261.9827,37.7495,24.1667,464.8551,13.6707,210.0694,190.0428,331.5328,312.5265,177.2588,36.8096,84.4105,79.2726,130.5000,208.7306,300.8337,62.8333,120.0575,158.5451,229.7740,144.8388,206.4801,203.9186,325.5959,
58.4014,84.5488,53.3859,6.8354,114.0708,17.4268,51.3790,19.9283,19.9283,65.7404,24.1667,56.5727,72.5000,68.3537,24.6453,65.7404,21.6153,39.8567,10.8077,21.6153,19.9283,10.8077,0.0000,6.8354,150.5333,111.2717,83.1558,175.9360,167.5013,87.1342,72.5000,178.2445,160.9580,114.8870,103.3249,91.9604,87.5354,123.2263,122.2747,120.8333,82.7333,134.8145,108.0766,148.2660,162.4748,225.6706,185.6906,201.9038,201.9038,89.1223,100.5752,125.3875,194.8379,143.4613,173.2600,130.5895,124.7337,104.3373,96.6667,78.6810,87.1342,89.1223,338.1952,109.0450,256.8952,167.7800,54.0383,92.8453,153.8337,131.4809,114.8870,20.5061,58.9984,58.2010,140.4996,100.9230,54.0383,106.3333,71.8527,84.4105,169.7870,251.7513,256.2123,160.1577,248.5292,254.3821,252.3074,259.8338,244.2627,69.7073,92.9710,255.3903,255.0700,244.5972,227.6290,221.3329,276.9799,527.0328,306.9452,91.9604,438.8496,420.6111,168.1278,253.0470,34.8537,21.6153,464.7295,14.5000,209.6798,186.7569,328.3822,308.2742,166.8725,30.9484,77.9352,68.6946,140.2500,205.0610,304.1930,56.3659,116.2012,168.3361,237.0305,138.4900,195.7351,213.1604,329.5539,
52.0566,77.9352,49.2905,9.6667,107.3174,10.8077,44.5611,26.0283,17.4268,59.7850,19.9283,54.0383,65.7404,64.4847,19.3333,59.7850,24.6453,45.8530,17.4268,20.5061,24.1667,14.5000,6.8354,0.0000,150.3780,110.2170,82.3087,175.1375,167.7800,84.4105,71.8527,178.8986,160.6674,111.5862,97.7481,87.0000,82.3087,121.1230,119.3745,116.1007,78.6810,131.4809,104.3373,142.1526,156.1698,218.8385,178.8986,195.0775,195.0775,82.3087,93.8464,118.8843,188.0036,136.7927,166.9425,123.7937,117.9967,100.9230,97.8675,78.6810,86.0551,88.8598,344.8305,105.5616,252.4925,162.1149,59.7850,99.6417,160.6674,138.2367,121.2194,27.3415,65.7404,65.0258,147.0001,106.9904,59.7850,111.2717,75.0335,87.1342,175.0708,256.8952,261.0000,165.4667,254.3821,260.2830,258.3461,265.9651,242.2460,68.6946,91.1952,253.6464,249.5143,237.8177,223.1723,227.9879,275.2031,525.9235,304.8067,87.5354,443.0351,425.3608,162.0429,255.0700,28.1829,15.2843,458.2500,10.8077,216.1532,192.4249,321.5529,301.4543,163.0489,24.1667,71.3633,68.3537,145.0000,198.2256,311.0279,49.7622,109.3658,167.7800,233.8554,131.9243,194.4178,218.3576,324.4099,
138.4056,150.0670,193.3333,143.7053,198.1667,147.3176,153.5297,162.4029,167.5013,188.2520,167.7800,100.5752,173.2600,101.6150,137.3891,130.1415,130.5895,136.1937,147.9505,129.8719,134.3806,140.4996,150.5333,150.3780,0.0000,43.2306,68.6946,29.4000,19.9283,78.0849,78.6810,34.1768,10.8077,72.5000,121.2194,108.0766,113.7632,48.3333,63.0190,101.9593,96.3035,70.3744,82.3087,152.6140,168.8211,269.3689,246.5474,239.9690,252.4925,177.3247,162.1149,219.2118,242.8720,179.0944,264.6002,205.0610,174.2683,243.9756,246.9261,229.0102,236.0429,239.2378,341.8366,248.0117,380.7305,276.8534,188.2520,188.7477,217.7147,218.8385,225.1005,152.8434,173.2600,160.6674,175.6702,140.2500,130.1415,111.2717,93.3472,81.0214,142.7266,195.5560,187.6927,138.4056,355.5047,359.7507,354.0231,358.1888,388.8356,218.8385,240.1150,401.1958,201.6722,264.4235,145.0000,300.0173,134.8145,378.1137,450.4345,225.4635,337.7113,334.7585,162.0429,400.8171,146.1234,144.1922,434.0592,140.1667,299.8225,302.4987,349.1393,345.9127,300.5230,155.6453,184.0479,218.7317,113.1454,248.8111,343.9826,170.8841,185.9420,19.9283,120.8333,226.5488,343.4729,167.7800,251.1939,
95.2056,108.0766,150.9982,104.5610,156.5433,106.0033,110.3229,125.3875,126.8692,145.0805,126.5004,58.2010,130.1415,58.4014,95.6951,87.1342,92.9710,104.3373,110.3229,89.9052,97.2690,101.9593,111.2717,110.2170,43.2306,0.0000,28.1829,65.0258,62.8333,35.1872,38.9676,76.4217,52.2805,38.9676,82.7333,67.6667,72.6609,21.6153,34.1768,69.2028,54.0383,48.3333,45.8530,121.2194,138.4056,235.6962,209.2337,206.4801,217.0699,134.8145,121.2194,177.2588,207.6084,143.1352,223.6429,164.6174,135.6781,201.1503,207.8895,188.7477,194.8379,198.6964,349.6742,205.1179,337.8151,234.4540,154.4399,164.4044,203.9758,198.6964,199.1075,116.8028,143.1352,131.9243,166.9425,125.4806,101.9593,101.6150,67.8391,59.7850,150.3780,216.4233,212.0066,143.7053,333.5350,338.3333,333.6401,338.8853,346.1153,177.8509,198.3434,358.6451,191.6951,235.6467,143.7053,285.3305,166.4520,415.7791,407.5219,182.3903,373.7014,366.9834,134.2936,363.9150,103.4379,102.5305,422.0527,99.6417,281.8293,277.0221,322.1336,315.0948,257.3041,113.2486,140.9147,178.2445,116.4021,214.5260,341.5290,127.6952,145.3219,58.2010,135.4196,185.2498,301.4543,183.7303,252.3074,
73.9358,91.9604,124.7337,76.4217,140.1667,78.6810,87.1342,97.2690,99.1717,121.2194,99.1717,32.4230,109.0450,38.6667,68.6946,67.8391,64.8460,77.9352,82.1667,61.8969,69.2028,73.7776,83.1558,82.3087,68.6946,28.1829,0.0000,92.8453,87.1342,24.1667,10.8077,99.5244,78.6810,47.6028,75.6536,58.4014,61.1374,43.7677,49.2905,71.8527,41.2960,64.4847,48.3333,120.8333,138.2367,229.7740,199.2834,201.2084,209.4011,116.4021,107.3174,159.7927,200.2774,136.4507,207.8333,150.5333,125.4806,175.7367,179.8104,160.9580,167.5013,171.0208,341.7683,179.8753,316.6848,215.3411,126.8692,140.4996,184.9974,176.4001,174.0671,88.8598,116.9027,106.4431,151.6928,108.0766,77.4842,89.1223,47.6028,44.5611,146.1234,218.9985,217.1237,138.2367,309.4843,314.5011,310.2759,315.9832,320.3884,150.3780,171.4301,332.6232,205.3456,234.6532,163.0489,264.9531,194.5379,443.8779,382.2002,157.8067,386.7875,376.6590,136.8781,335.7341,77.9352,75.4991,432.1173,71.8527,259.8338,251.7513,321.7708,311.2907,233.6056,87.1342,119.5701,150.5333,111.2717,208.2264,327.4204,104.1132,131.3031,85.5104,160.6674,169.1667,274.7783,183.7303,270.8824,
156.8415,164.4044,215.5580,169.1667,211.0125,171.0208,173.0576,189.0569,191.8779,207.8895,191.5123,123.0366,190.6565,120.8333,160.6674,147.5553,156.8415,164.4044,174.2683,154.7422,160.8854,166.3116,175.9360,175.1375,29.4000,65.0258,92.8453,0.0000,28.1829,96.6667,103.4379,37.7495,19.3333,82.5920,131.4809,121.2194,127.6037,60.5615,71.8527,108.0766,112.7317,73.1416,93.3472,154.6667,169.4426,271.0548,252.4925,241.8599,256.2123,192.4249,174.2683,232.5029,246.5474,184.6814,275.5424,215.7746,182.9658,264.9531,272.6017,253.7385,259.8338,263.7158,363.9150,268.7611,396.0385,290.8044,216.1532,218.0899,246.5474,248.2000,254.3821,179.8753,201.9616,189.5505,203.9186,169.4426,158.9865,140.1667,122.2747,110.2170,166.9425,212.0066,201.9038,163.5496,384.8802,389.1058,383.3293,387.4211,409.9225,242.8720,263.1838,422.7164,186.5692,261.6258,126.5004,328.8088,105.5616,351.2407,470.8470,245.5505,338.7818,340.1925,160.6674,427.7978,167.7800,167.5013,417.8528,164.6174,328.9864,331.8498,343.9826,344.1184,319.1830,177.8509,201.4404,243.2564,139.4984,251.3798,369.9316,190.4726,197.2213,9.6667,95.2056,238.4553,366.0911,187.6927,229.2651,
158.0286,169.9932,211.8412,160.6674,218.0899,165.3254,172.9226,178.2445,185.0605,207.5521,185.6906,119.3745,192.9705,121.2194,155.6453,149.9113,147.0001,150.1448,164.1911,147.3176,150.5333,157.2134,167.5013,167.7800,19.9283,62.8333,87.1342,28.1829,0.0000,97.8675,96.6667,14.5000,15.2843,91.9604,140.9147,127.9693,133.6834,67.8391,82.1667,120.9300,116.2012,88.2001,101.9593,170.8841,186.7569,287.7762,265.8333,258.3913,271.3563,197.2213,182.0056,239.1401,261.7151,198.2256,284.4695,224.8929,193.8763,262.8285,263.3612,246.1681,253.7385,256.5312,335.7341,266.9296,400.5548,296.7682,202.4238,198.6964,222.5434,226.5488,235.3987,168.3361,185.9420,172.9226,178.8986,147.0001,142.7266,116.9027,106.1134,92.9710,139.1631,184.5549,175.1375,136.1079,363.1439,367.1107,360.9177,364.5564,407.5219,236.4384,258.1652,419.7215,212.8863,281.4976,153.8337,304.5384,126.5004,363.9150,469.3065,244.5972,319.4757,317.9731,179.3551,415.7791,164.9718,162.4029,444.7717,157.8067,305.8778,312.0402,365.4524,363.4011,319.9141,174.2683,203.7466,236.0429,112.8353,267.4105,342.5875,190.2271,205.8001,20.5061,123.2263,246.4526,361.5967,159.5732,257.3949,
60.5615,73.1416,119.6677,81.0214,121.7002,77.9352,76.4217,104.3373,99.5244,111.2717,97.8675,30.5687,95.2056,24.1667,67.1468,52.0566,73.1416,92.3407,89.1223,65.7404,77.9352,79.7134,87.1342,84.4105,78.0849,35.1872,24.1667,96.6667,97.8675,0.0000,28.1829,111.5862,86.4613,29.0000,52.0566,35.1872,38.9676,37.7495,35.1872,48.3333,19.3333,48.5744,26.0283,96.6667,114.0708,206.4801,177.2588,177.7195,186.5692,99.6417,87.0000,142.2347,177.3247,113.1454,189.0569,130.5000,103.3249,168.3361,181.6845,160.8854,165.3254,170.2678,365.7080,172.1101,302.6917,199.2834,136.7073,157.3619,205.6298,194.5979,189.0569,97.7481,130.5895,121.7002,174.2683,130.1415,94.9599,112.8353,69.7073,68.3537,170.2678,242.4388,239.9690,162.4029,325.1292,330.4035,326.7419,332.9391,313.2731,148.8949,167.7800,326.1336,184.0479,210.5692,145.7232,284.3052,191.6951,443.8516,374.2011,148.8949,406.7186,398.1564,112.8353,339.3675,71.8527,73.7776,409.0382,73.6191,277.8641,265.8773,297.6721,287.6138,223.0153,82.3087,106.0033,150.1448,135.4196,184.9974,349.9413,93.8464,111.1667,91.1952,150.0670,150.5333,270.0186,207.5521,252.1685,
67.8391,88.2001,115.2930,65.7404,135.6781,68.6946,79.7134,86.4613,88.8598,113.1454,89.1223,24.6453,102.5305,35.1872,58.9984,63.0190,54.0383,67.8391,71.3633,51.3790,58.4014,63.0190,72.5000,71.8527,78.6810,38.9676,10.8077,103.4379,96.6667,28.1829,0.0000,108.6157,88.8598,55.1085,76.4217,58.9984,60.5615,54.0383,58.2010,76.4217,41.5779,73.1416,54.0383,123.2263,140.4996,229.2142,197.2213,201.0341,208.2264,111.1667,104.3373,154.6667,199.2834,136.1937,203.2300,147.0001,123.8881,166.6624,169.1667,150.5333,157.3619,160.6674,338.5059,170.8841,309.4843,209.2337,116.2012,131.3031,177.7195,167.7800,164.3333,78.0849,106.7718,96.6667,146.1234,101.9593,68.3537,85.5104,41.5779,41.5779,145.0805,220.1158,219.2118,136.7927,300.0173,305.1131,301.0666,306.9452,311.0279,140.1667,161.5375,323.1111,212.0066,235.9934,171.6344,256.9407,205.3456,454.5647,373.0131,149.2084,391.5000,380.0857,140.1667,324.9496,69.2028,65.7404,437.1429,61.5183,251.1939,241.8599,323.1111,311.3282,225.3080,77.9352,112.8353,140.1667,110.3229,207.6084,321.7708,96.3035,127.9693,95.9389,170.8841,164.6174,264.9531,184.0479,278.9968,
171.4301,184.0479,223.9039,171.4301,232.2516,176.9951,186.0049,188.0036,196.2714,220.4869,197.2213,131.9243,206.4801,134.6411,167.5710,163.5496,157.3619,158.5451,174.3353,158.5451,160.6674,167.7800,178.2445,178.8986,34.1768,76.4217,99.5244,37.7495,14.5000,111.5862,108.6157,0.0000,29.4000,106.4431,155.3449,142.2347,147.8716,82.3087,96.6667,135.4196,130.1415,102.5305,116.4021,185.2498,201.0341,302.1510,280.3333,272.7731,285.8213,211.1232,196.2714,253.2316,276.1775,212.7216,298.7688,239.2378,208.3385,275.2031,273.4146,256.8952,264.9531,267.3668,328.6667,279.3734,414.2310,310.7273,210.7356,203.7466,223.6429,229.7740,240.5524,177.8509,193.1520,179.8753,179.0944,150.0670,150.1448,119.5701,114.0708,100.5752,134.8145,174.6031,164.1911,132.7188,365.9315,369.6789,363.1439,366.3781,419.6380,247.5875,269.7156,431.6575,224.2687,295.4665,164.1911,305.1131,125.6667,356.8166,481.6144,257.3041,305.2280,304.3465,193.4541,424.3711,177.4564,174.2683,455.5913,169.1667,307.5914,316.3896,379.1010,377.4954,332.9041,186.5066,217.2313,246.9261,111.2717,281.8293,338.7818,203.2300,220.1158,32.4230,130.1415,260.6865,373.1383,151.6928,265.8333,
147.0001,157.4361,203.0575,154.1371,205.1749,157.3619,162.4748,173.0576,177.7195,197.2805,177.8509,110.2170,181.6202,110.3229,147.3176,138.4056,141.1631,147.0001,158.5451,140.1667,145.0000,150.9982,160.9580,160.6674,10.8077,52.2805,78.6810,19.3333,15.2843,86.4613,88.8598,29.4000,0.0000,77.9352,127.1451,114.8870,120.8333,54.0383,67.8391,106.3333,104.1132,73.1416,88.2001,155.8703,171.6344,272.7731,251.3798,243.4004,256.5767,184.9974,168.8211,226.3941,246.9261,183.6667,271.0979,211.3996,179.8753,253.4161,257.4402,239.3354,246.1681,249.5143,347.3617,257.3949,388.6553,284.3052,199.0488,199.2834,227.2181,229.0102,235.6962,163.5496,184.0479,171.4301,184.6814,150.1448,140.9147,120.8333,104.1132,91.7061,149.2084,198.3434,189.4889,145.4022,365.7080,369.9000,364.0755,368.1274,398.3617,229.0102,250.0754,410.8333,198.6964,266.2285,140.4996,309.4843,124.2646,367.3651,459.8022,234.6532,334.6189,333.2547,164.1200,411.5435,155.6453,154.1371,430.8450,150.3780,309.6730,313.0120,350.1749,348.1678,309.3711,165.3254,192.4249,229.0102,120.8333,252.4925,351.5399,179.8753,192.4249,9.6667,113.1454,233.3054,353.3626,172.1101,245.4077,
78.6810,82.1667,142.1526,109.0450,128.4249,104.1132,95.9389,132.7188,125.6667,129.8719,123.2263,58.8000,110.2170,47.6028,93.3472,68.3537,101.9593,121.2194,117.6001,93.8464,106.7718,108.0766,114.8870,111.5862,72.5000,38.9676,47.6028,82.5920,91.9604,29.0000,55.1085,106.4431,77.9352,0.0000,49.2905,38.9676,45.5976,24.1667,10.8077,30.5687,34.8537,19.9283,10.8077,82.5920,99.6417,198.1667,174.0671,168.8211,180.4588,110.3229,91.7061,149.9113,170.8841,106.7718,193.4541,133.6834,101.9593,188.0036,207.6084,185.9420,189.0569,194.8379,386.5760,191.3902,313.6085,208.2264,165.4667,185.9420,232.5029,222.8057,217.9828,126.5004,159.5732,150.5333,199.0488,155.6453,123.2263,135.4196,95.2056,91.1952,188.2520,255.3903,250.8216,181.1694,354.0231,359.2633,355.5047,361.5967,331.9554,173.2600,190.4726,345.3382,157.8067,196.8063,116.9027,312.0402,168.3361,421.4988,391.7684,167.5013,409.4664,404.4434,95.3282,365.6122,95.3282,99.6417,385.7594,100.9230,306.1832,294.8729,283.1937,276.6846,238.7980,106.1134,120.8333,175.1375,153.8337,177.2588,374.7003,112.8353,114.8870,79.7134,122.2747,156.0201,291.0052,222.5434,223.9039,
48.5744,37.7495,111.5862,99.6417,80.0059,87.5354,64.4847,123.2263,106.3333,92.9710,101.6150,61.8969,69.7073,44.5611,78.6810,38.6667,99.6417,125.3875,110.2170,87.1342,104.1132,100.9230,103.3249,97.7481,121.2194,82.7333,75.6536,131.4809,140.9147,52.0566,76.4217,155.3449,127.1451,49.2905,0.0000,17.4268,17.4268,73.1416,59.7850,27.3415,34.8537,60.5615,38.9676,48.3333,65.0258,154.4399,126.5004,125.6667,134.8145,65.0258,43.2306,101.6150,125.4806,61.1374,144.1922,84.4105,53.1667,150.1448,182.9658,159.4268,158.9865,166.6624,414.2310,152.8434,265.8773,160.0118,157.3619,190.4113,245.4077,229.2142,217.1237,120.8333,158.9865,153.6057,219.1585,174.6031,132.7188,161.5375,116.4021,117.9967,221.3329,294.4766,291.9669,213.1604,351.7724,357.5687,355.2418,362.5000,290.6839,145.4022,158.0286,304.6534,151.7697,159.5732,130.1415,320.0236,208.7306,461.3998,348.8716,128.6974,456.4110,449.3181,67.1468,339.3675,72.5000,82.7333,366.3781,89.1223,310.5769,290.0805,246.6895,235.6467,195.0775,82.3087,79.2726,148.8949,186.5066,132.9826,393.4345,78.0849,65.7404,128.9694,152.8434,106.9904,253.4161,259.3839,227.2181,
43.2306,43.2306,108.0766,87.5354,90.2941,77.4842,60.5615,111.5862,97.7481,92.8453,93.8464,45.5976,71.8527,28.1829,67.6667,32.4230,85.6469,110.4287,97.7481,73.9358,90.2941,88.2001,91.9604,87.0000,108.0766,67.6667,58.4014,121.2194,127.9693,35.1872,58.9984,142.2347,114.8870,38.9676,17.4268,0.0000,6.8354,61.1374,49.7622,29.4000,17.4268,54.6829,28.1829,65.0258,82.0244,171.4301,142.2347,142.8084,151.3844,71.3633,54.0383,111.5862,142.1526,78.0849,156.5433,97.1488,68.3537,150.9982,177.3247,154.4399,155.6453,162.4748,396.9812,154.1371,274.8208,169.7181,145.7232,175.9360,229.6215,214.5260,203.9758,108.0766,145.4022,139.1631,202.3661,157.8067,116.9027,144.1922,99.1717,100.5752,203.9186,277.3592,275.1182,195.7351,339.3675,345.0337,342.3488,349.3400,294.0002,140.9147,155.8703,307.5914,164.1200,176.9951,136.7073,305.2662,205.1749,458.4284,353.3626,130.0517,441.1327,433.1972,83.1558,334.8980,64.4847,72.6609,382.2002,77.4842,296.5320,278.2002,264.1141,252.9085,200.1023,75.0335,82.3087,143.7053,169.0976,149.9113,377.0310,76.4217,77.9352,117.6994,153.5297,118.4906,254.3821,242.1013,237.6211,
