0.00000,42.48866,46.14307,23.55819,67.73516,36.00003,32.87571,43.77781,30.67321,34.47558,48.84118,13.56632,18.61132,32.21261,12.77913,34.28281,48.92868,21.92031,31.68663,23.90033,52.62258,43.97682,50.39906,16.46498,51.30088,26.28732,11.55449,61.94994,21.11546,40.37512,28.42166,20.17438,41.22257,55.72509,43.47072,37.28399,26.07979,62.17786,59.81035,9.47582,41.02597,29.87517,71.88076,37.98925,41.16993,14.41668,30.07517,43.21650,21.54939,55.41591,38.08741,49.42829,0.80777,38.63464,27.85042,66.27522,37.81373,62.58627,44.57006,26.46617,23.70132,50.05478,36.81903,24.03020,25.58791,36.08540,26.00000,42.27272,39.97197,58.76952,61.37126,55.44422,46.58533,39.04717,40.94731,61.41248,30.95733,31.35468,18.51906,30.60136,43.09432,34.14280,50.72682,46.48067,5.39682,63.15304,57.93199,62.69121,45.76770,53.55233,57.89699,34.04530,23.12191,60.78339,60.01560,50.91636,45.82205,60.16337,31.79423,41.26146,24.15684,58.60654,54.14197,45.26340,70.44981,25.28252,35.70211,34.54563,35.97404,21.20674,3.21763,34.66347,75.23073,58.88898,2.92617,40.39342,3.24133,32.24176,36.00642,31.00808,11.88660,41.82344,12.25092,29.66599,38.73605,55.49889,33.08550,25.99391,51.68642,57.88375,46.16910,4.73141,76.92328,44.21618,30.44208,23.10926,70.92502,28.23058,59.57107,51.17242,65.07615,40.63389,52.28363,55.63197,6.86117,50.81423,13.45513,64.61355,25.95743,54.88617,33.41883,67.07893,36.47569,52.93359,40.32550,42.15288,33.51228,29.59493,11.76781,19.70604,34.80751,23.44560,22.16660,50.52827,48.41552,48.03353,33.51421,49.42624,44.61146,45.45331,64.11289,14.89423,50.51265,11.25014,34.63695,77.79020,21.73472,66.55947,32.52778,45.34635,39.92634,67.75012,40.79534,22.74804,50.76869,31.05665,34.40205,38.95845,44.31157,26.84009,9.23106,30.27479,24.84598,40.50424,73.65092,65.20032,40.51797,11.28766,29.07217,65.40288,0.00000
42.48866,0.00000,27.95533,33.81838,28.93389,13.80602,71.28497,24.30689,64.34198,45.60554,65.80131,39.52064,25.55240,39.02795,30.86507,60.91445,31.67350,49.32582,46.77918,29.89412,15.43626,21.34984,8.73703,54.79008,33.72041,62.48336,31.11085,28.64914,51.03559,8.28270,19.18308,58.30815,45.08599,36.24177,1.90739,42.14206,55.82590,27.26394,26.32263,36.93846,17.84352,27.78323,32.47850,60.82237,47.31309,47.57560,19.55232,60.44620,46.81581,15.70018,64.43633,66.47180,42.87052,12.48462,26.29231,29.89718,41.54092,37.71032,24.71777,27.69202,58.40202,14.64625,61.65716,29.27620,17.71137,56.35375,22.34158,5.21638,33.37875,16.98058,25.47881,19.43920,28.12456,41.22624,17.88397,19.32036,12.59365,65.96878,27.69279,11.90402,47.99040,68.78685,15.75313,64.12077,37.11614,23.06610,68.48018,32.30028,16.68012,34.40285,15.40925,46.83963,41.01257,18.34695,17.94662,62.63831,50.62421,32.85380,44.58535,44.05324,31.93420,18.33098,30.56510,56.05953,31.13619,41.84887,17.09241,34.79606,15.83619,49.55598,43.43171,22.48472,33.14659,31.63710,45.24142,63.19281,45.50956,60.94182,51.07692,21.92818,48.55209,64.93956,30.99325,61.37640,4.07063,64.78844,25.58458,21.74605,25.28799,22.82582,39.46768,38.41022,35.06484,21.15864,29.23844,58.82385,31.04675,61.42793,20.73044,14.40529,40.22209,35.64945,32.51916,13.64782,36.36297,27.78337,34.46379,33.20798,42.97058,12.39879,10.40988,30.25162,56.85291,16.99356,21.78625,44.47587,16.93393,14.53122,51.15867,28.16400,7.68383,26.75892,38.88063,12.59573,59.60651,61.31783,18.54916,8.52866,5.42782,65.85280,38.31418,48.31106,8.09726,49.31491,45.50306,35.66379,23.58857,29.40018,57.13197,40.77061,2.78411,25.26159,21.52803,53.01088,11.75952,25.73413,12.20533,62.27930,34.79462,48.02469,33.27373,36.65366,22.18696,65.86259,31.18675,27.72224,47.95816,31.25576,66.27767,37.59601,42.48866
46.14307,27.95533,0.00000,24.39951,53.25261,38.61739,63.33868,51.07498,53.52655,26.88034,44.24916,35.33710,38.63707,21.58740,40.65650,46.05514,58.72966,39.23529,29.98880,47.97400,20.15453,48.45599,26.82921,50.31020,60.97810,54.12861,36.33694,55.84905,41.80862,19.82199,39.38624,52.67782,22.15600,63.88734,26.54529,21.23641,44.59655,54.05741,53.62957,36.94003,10.35993,49.06939,55.74111,43.61555,24.81154,42.20600,41.02092,40.11353,36.66457,41.38901,48.52260,44.84702,46.02720,38.63323,46.63278,55.79234,20.23441,65.66138,3.25346,19.75532,49.90296,42.39582,45.46519,47.44115,33.68098,38.88063,41.28442,22.76546,10.38316,30.51746,52.04748,46.58756,0.44300,19.08666,44.51955,33.16607,24.00335,55.53999,41.86422,28.71393,24.57369,57.82303,43.49716,43.22663,42.25673,46.95650,43.69801,59.92172,12.08473,61.93196,34.57872,28.54979,29.89947,37.49222,39.26660,39.12712,26.39898,60.76938,27.50241,20.93161,23.01440,26.85141,58.41549,33.41050,54.66647,29.15759,41.73903,16.06370,40.64318,39.97515,45.06352,46.37751,51.04854,59.57011,47.80150,45.38602,47.91608,47.43530,32.33540,44.05228,45.09272,46.93307,40.10849,49.83704,28.98190,39.95392,48.53311,21.38145,53.19176,49.95811,13.00096,41.45887,53.51721,48.33452,50.65474,51.00055,53.94026,50.96207,46.21161,19.46897,68.16000,12.07606,60.03987,29.61359,43.24449,55.48267,32.93253,60.60384,29.76995,32.52108,32.20093,55.85839,39.29001,18.63815,47.87005,20.91593,40.40189,23.29438,48.76972,43.44412,27.71066,44.48641,28.80219,20.92578,36.39001,38.76891,14.93421,34.91341,23.45827,46.10798,66.23408,42.73397,29.46738,46.54505,26.66217,52.97515,39.12608,54.89517,42.08843,14.90103,28.62539,41.05986,47.78188,43.18057,38.71535,47.73663,35.78918,45.00118,8.65137,34.53031,38.77932,20.96679,22.55234,49.01469,46.67743,53.20332,25.94741,38.39535,58.00854,65.38529,46.14307
23.55819,33.81838,24.39951,0.00000,62.71226,35.84446,40.18508,47.97031,31.55321,14.49038,34.07063,11.11601,24.87440,9.58974,23.34236,27.09987,55.16418,16.35430,14.00341,35.18034,37.17346,46.56561,38.80135,25.99889,57.69864,30.93093,17.23138,60.80841,18.58354,27.56687,31.59660,28.59556,18.93814,61.67894,33.74917,14.81760,22.63507,59.99757,58.43631,14.11712,23.04578,39.07565,66.29668,27.25000,19.69762,17.86372,33.76481,28.26908,13.69318,49.44736,30.62925,34.74864,23.23038,37.52366,36.35003,63.20000,15.07216,66.34013,23.75671,6.44059,26.64523,46.74190,27.89293,34.87157,25.29482,23.02739,31.50981,30.76626,16.62562,46.06374,58.49058,52.19953,24.83269,16.05586,42.49192,48.97030,21.77781,33.39046,27.64898,25.20657,21.37270,36.03500,47.74592,32.03951,21.16796,56.88252,39.93000,63.36364,28.37610,59.44065,47.50411,15.05251,7.25986,50.71218,51.13603,33.07541,24.35005,62.42057,12.42503,18.66363,1.92905,44.21612,57.84169,26.45043,64.95366,8.07504,37.64738,10.98755,37.11726,16.84640,21.74511,39.98435,65.77466,61.07954,24.57083,29.70964,24.61774,27.26262,18.85963,36.37741,20.69627,31.46392,22.47233,28.22925,31.67820,36.72738,40.47346,12.20010,53.61369,55.39965,22.61098,19.32267,67.94860,46.63274,40.41025,27.50877,64.84877,28.71718,54.41756,35.84000,69.00519,17.10468,57.71458,43.63750,23.02922,54.39141,10.32630,64.78235,9.22774,44.59067,29.88087,63.68325,23.53298,36.70988,44.13054,19.52133,35.44596,19.75457,24.39023,29.59295,27.87074,32.42303,5.28015,36.04862,30.09361,30.86751,16.74868,42.31903,32.93916,33.00610,67.46989,18.42637,40.20239,22.16540,14.52067,68.14708,27.24502,62.89600,23.31975,21.83943,32.33838,56.57916,44.34662,20.32265,45.19318,38.84308,32.97276,28.68667,20.97296,14.20708,18.92573,7.11354,12.05262,32.13015,62.70531,61.25931,19.51194,19.89932,34.87116,67.72317,23.55819
67.73516,28.93389,53.25261,62.71226,0.00000,31.82580,98.82652,29.15347,92.68649,74.35755,94.41733,67.52848,49.17118,67.77393,55.02965,89.78296,30.92621,77.89930,75.67897,47.95340,33.75601,26.94913,26.48642,81.97773,30.91167,90.37530,57.34444,11.21642,79.43762,36.22207,39.62632,85.65828,73.11588,29.59063,29.25386,70.52108,84.40326,8.77852,11.52240,64.13626,44.68844,42.75720,4.25184,89.75548,75.49860,75.36852,38.35790,89.19200,75.46025,13.26633,93.34131,95.08065,68.28731,29.14070,43.15693,5.47323,69.82903,24.17857,50.35651,56.62560,86.44768,17.68735,90.57994,47.46173,42.36641,85.27464,42.51389,32.74898,60.89713,24.35262,7.88923,12.48169,53.26270,69.33334,28.17909,22.75107,41.11119,94.20961,49.91383,38.78770,75.95507,97.07374,17.07648,92.82359,62.42838,6.29802,96.22022,15.72508,41.22537,29.49121,19.02906,75.64824,69.86534,16.68969,14.23258,90.78245,78.38537,19.97680,73.45096,72.00679,60.84162,28.94244,24.28015,84.35618,2.86400,70.76212,32.77691,63.24180,32.19759,78.05393,69.40561,35.95473,14.42675,19.91385,70.64914,92.12066,70.95414,89.70421,79.89585,38.55029,75.79990,93.86603,55.49339,89.89334,31.20320,92.47861,39.02423,50.56417,21.55789,10.97397,66.01006,64.41199,14.10596,26.59141,43.41672,86.70865,4.08236,89.77177,8.38727,34.07525,25.20181,63.15875,28.54752,24.03358,60.97787,24.96859,62.29694,14.40069,71.89013,20.74608,34.85636,4.58483,85.77274,35.61680,30.70726,72.31914,34.68585,43.12704,77.91444,49.38680,35.23445,46.30302,67.70855,32.41007,87.80234,89.69828,47.24803,20.40743,31.04330,94.69211,23.32319,76.11392,24.03894,76.31157,74.24186,16.24625,46.18247,3.84586,86.03193,67.65584,30.42279,17.95322,30.12377,81.45194,17.67007,40.59508,33.35416,91.21275,61.36302,76.91691,59.03276,65.48264,50.90144,94.79167,18.05833,3.62250,76.26523,56.66536,94.04042,20.61674,67.73516
36.00003,13.80602,38.61739,35.84446,31.82580,0.00000,67.80280,12.82697,62.72821,49.73546,69.82339,37.61200,17.39156,43.53303,23.24384,61.60577,20.49257,48.77963,49.82620,17.60399,29.23201,10.84623,22.00087,50.86136,22.90442,59.78512,26.17176,26.37457,49.85564,19.59982,7.85577,54.61498,51.35886,26.42604,15.70185,47.75448,55.12645,26.31219,24.11878,33.40616,28.31894,14.30387,36.01973,62.73979,53.14855,44.92631,6.99272,64.07703,46.63321,20.25150,65.42240,70.50324,36.58210,2.72546,13.29354,30.31093,47.42073,30.50038,35.41801,31.09008,56.11047,14.15737,62.98227,17.01736,11.38711,58.75961,10.93446,17.99946,41.26776,29.46534,25.39569,19.45305,38.88792,47.53947,6.69664,31.24644,15.80558,64.04808,18.13190,11.16079,54.25913,66.95111,14.75847,67.84741,30.76163,27.69768,74.49569,28.03040,28.99353,24.26891,26.02876,50.60855,42.22665,28.13438,26.40009,68.02741,57.15683,26.64726,48.06015,50.52864,34.27504,31.68172,22.05750,61.29468,34.59019,43.66601,3.33513,40.68465,2.10387,48.73003,37.84456,8.68569,40.88276,25.30336,38.92351,65.26473,39.23374,60.94051,54.61328,8.53852,44.82250,67.00733,23.75084,60.34825,10.55989,70.98117,11.80214,24.34832,17.79807,21.92266,48.19897,32.93738,42.21224,10.86937,15.66150,56.16196,35.19028,59.85880,23.85225,28.15930,33.16553,43.38653,22.43225,26.15168,29.19637,18.64881,32.35217,29.68790,44.84282,23.51683,6.65794,31.09249,59.26374,30.73829,9.31816,51.13695,3.47824,17.43710,46.58499,17.77486,10.91077,15.13394,40.01394,26.39131,64.96799,66.17713,25.45162,15.95182,19.06423,68.82616,31.62847,45.66632,20.35622,45.14652,49.70157,43.44132,14.35786,30.56081,58.22642,49.03500,11.51217,35.31590,9.30658,51.90579,15.82127,12.13541,3.03006,64.13114,43.79301,49.31157,27.57544,40.83969,24.08755,67.25038,40.49930,29.20405,53.47571,25.13576,63.26517,31.98822,36.00003
32.87571,71.28497,63.33868,40.18508,98.82652,67.80280,0.00000,76.56665,10.96554,38.64312,37.37508,31.81937,50.79534,42.11229,45.22617,21.51165,81.79707,24.15083,34.76795,56.72535,77.22497,76.58443,77.79816,16.94235,84.15594,9.26853,41.64950,94.13407,21.67914,66.65027,60.66126,13.19434,46.41188,88.58313,71.74847,44.48208,18.99212,94.10282,91.90876,34.69079,63.22399,62.73648,102.81447,26.83814,44.51543,23.71957,62.49562,34.68366,26.77977,85.90034,22.32590,37.58199,32.13985,70.28131,60.72292,98.00287,45.51088,95.44673,63.38486,46.43434,13.55304,81.39644,24.11444,56.88063,56.63264,29.57247,58.55845,69.45924,53.56765,85.59665,93.08373,86.93475,63.73473,47.05349,73.31483,88.46536,58.71896,8.99423,51.22949,60.16634,46.23222,8.51620,82.19369,35.55258,37.51191,93.66964,48.77626,95.24294,68.55308,86.41875,86.21181,37.06784,33.60908,89.34371,89.22469,43.63248,47.40863,92.90612,36.94338,47.27979,42.01111,84.15516,86.96941,41.87425,101.39867,34.18283,67.99499,47.40565,68.10173,23.48469,30.36125,67.43657,104.35794,91.61528,30.10149,27.44796,29.77627,18.67100,35.10057,63.71347,23.03902,27.50114,44.52676,14.61442,68.13627,48.44271,65.95760,50.37068,84.30956,89.65354,56.27047,34.99645,106.33710,76.80253,63.25071,12.71734,101.64615,12.80042,90.47303,75.85695,97.94622,52.74188,85.15921,82.89243,39.57756,83.61228,36.82239,97.09815,33.58784,83.19304,63.97166,98.71954,29.49908,76.85319,73.03180,47.96366,65.72057,56.85229,21.35606,52.53580,64.01847,56.29508,35.07322,75.89487,42.89172,40.70212,56.59492,79.24617,71.78555,32.08061,96.96030,22.98974,78.69880,22.65884,38.90039,106.83961,54.03974,98.10774,24.21913,54.40975,69.13877,95.74617,73.47886,20.17041,81.29454,63.92889,65.75090,26.44009,57.25123,29.12500,40.28306,42.38025,49.62509,24.25568,101.86328,96.63719,43.20383,42.75648,5.34053,98.18302,32.87571
43.77781,24.30689,51.07498,47.97031,29.15347,12.82697,76.56665,0.00000,72.74323,62.13938,82.04092,48.22480,26.11915,56.07278,31.39080,72.76101,7.69143,59.64852,61.96698,20.72681,39.16070,3.19423,30.74920,59.78349,10.07751,69.23455,35.90933,19.94005,60.39674,31.53515,16.79250,63.57128,64.09584,13.74129,26.14165,60.43067,65.77262,21.18284,18.35220,43.39545,40.71893,14.78346,33.29971,74.35989,65.82595,54.85171,14.67261,76.22974,57.71763,22.21707,76.64710,82.71895,44.48209,12.44199,16.14445,25.60608,60.13174,19.05677,47.84099,43.62001,65.89265,15.23852,74.37614,20.38880,22.72163,70.59575,18.18121,29.28042,54.09162,36.43933,21.35146,17.69188,51.32040,60.29496,6.56515,37.37541,28.63014,73.86423,25.33926,23.93717,66.98500,76.76059,14.88561,79.99794,39.07545,27.46416,87.12137,19.34078,40.73366,11.53088,31.51016,62.92222,53.95226,32.48797,29.86798,80.56575,69.90156,16.40526,60.33316,63.28827,46.51871,39.77059,10.45027,73.83589,31.99238,55.55331,10.37536,53.43270,11.09820,59.47145,46.20726,9.13085,41.60626,15.15557,46.64195,76.91146,46.96706,71.80174,66.82714,12.90155,54.10591,78.63381,32.14298,70.72229,22.21497,83.64408,11.06924,36.91752,8.44704,18.20208,60.99869,41.72697,42.22423,3.50437,14.99921,65.72502,33.14729,69.95740,23.28060,38.34974,21.65632,56.21335,9.75542,33.50277,36.99734,7.04650,43.13207,21.41880,56.72348,29.90125,19.48276,26.64194,71.09547,40.91468,3.85073,63.91068,12.52540,30.22824,55.22957,24.07349,23.54732,20.36185,51.76863,36.40031,77.51465,78.61747,38.26704,22.04508,29.70818,80.74406,20.47538,55.56686,28.33440,54.13047,62.12041,43.97412,22.88281,26.50779,69.59793,61.85679,22.79443,38.97596,3.63404,62.43005,19.58204,13.02087,15.85008,75.71082,56.56150,60.90951,36.67746,53.35300,36.54882,78.61560,42.87284,25.72319,66.10613,34.20618,72.43704,21.62556,43.77781
30.67321,64.34198,53.52655,31.55321,92.68649,62.72821,10.96554,72.74323,0.00000,28.00413,27.24226,25.23397,46.62460,32.01508,41.59709,10.67055,78.68276,15.22237,24.21339,54.13974,68.68174,72.32500,70.13965,14.64795,81.14340,5.51294,36.87666,89.04090,13.30754,58.88856,56.20009,11.62567,35.62486,85.51860,64.57373,33.92501,9.02199,88.72345,86.73928,29.42772,54.42955,59.88206,96.52111,16.12242,33.64902,17.90175,58.20483,23.99236,17.86647,79.52475,12.17913,27.53390,29.86810,65.01577,57.57751,92.39095,34.97063,91.79843,53.86043,37.97962,6.99147,75.67449,13.45114,54.17782,51.34706,18.61312,54.56561,61.92764,43.48743,77.58708,87.51106,81.24760,53.90466,36.49511,68.73133,80.48896,51.78166,2.06655,47.71746,53.93233,35.33147,4.48567,76.55730,25.24173,34.22123,87.20521,38.59754,90.67117,59.74057,83.29258,78.75467,26.38486,24.49445,81.94126,82.11708,33.05741,36.45230,88.77500,26.50719,36.53548,33.46298,75.75654,83.18754,30.95610,95.13012,24.63902,63.41774,37.47074,63.33473,14.85130,27.61856,63.69451,97.02457,87.45029,28.39733,17.07052,28.10268,7.73357,24.19500,59.86880,18.99034,17.44006,40.76951,3.77533,61.55555,37.95040,62.72528,42.78215,79.98256,84.17465,45.69192,31.32209,99.12266,72.50084,60.64689,7.65131,95.22091,2.91655,84.29960,67.36600,94.38386,42.48300,81.86722,75.08340,36.61489,79.74240,30.51168,92.39486,23.86915,75.78420,58.12212,93.02124,18.55010,68.13225,69.02898,37.18955,61.09530,49.81506,19.19377,49.29384,57.47783,53.04979,26.27975,67.60182,32.12177,30.05762,48.28851,72.61257,64.18622,22.09327,93.20755,17.18026,71.32645,19.42473,28.25995,99.44491,49.86217,92.33505,13.25908,43.77080,62.44136,88.02188,69.41787,11.35892,75.02013,60.72833,60.36523,15.91132,46.97074,18.99898,36.10299,32.62380,42.20851,14.46103,94.15422,90.78698,32.32434,38.55614,6.70788,94.12585,30.67321
34.47558,45.60554,26.88034,14.49038,74.35755,49.73546,38.64312,62.13938,28.00413,0.00000,20.28431,20.95300,39.30487,6.58431,37.28794,19.35073,69.45279,16.57832,3.94723,49.54092,44.91773,60.55617,48.82117,29.75032,71.97903,29.98277,31.04035,73.71188,19.17676,38.17599,45.98289,30.70847,8.04616,75.87780,45.11657,5.97599,19.76689,72.63827,71.33822,26.02154,30.83392,53.56027,77.62549,16.78143,6.97173,23.13571,48.14230,14.84270,14.92634,61.24763,21.64486,20.96165,33.91851,51.18209,50.83617,75.48823,7.03607,80.18436,28.01540,18.68917,26.20369,59.50223,18.58745,49.25617,39.60294,12.02718,45.99158,41.63131,16.49735,54.88944,70.96947,64.77268,27.19773,8.52295,56.42861,57.76115,34.71434,30.07051,41.98869,38.75426,8.95440,31.97155,60.55770,18.52151,33.66565,68.26011,25.44791,76.65341,35.68975,73.65359,57.51598,1.69060,11.37412,60.70022,61.67157,18.58968,11.42962,76.05579,2.68794,8.73756,15.69666,52.08338,71.79284,11.96751,76.35560,9.19905,51.77100,11.59526,51.15377,17.56474,31.83059,54.37139,75.40707,74.72457,34.48211,18.70511,34.41011,21.09569,5.68248,50.81076,26.87793,20.34000,36.37868,24.22913,44.21601,22.30977,54.94743,25.42649,67.35012,68.08586,17.69018,31.18394,77.74642,60.59704,54.88466,27.62836,76.02895,25.84512,66.29899,43.81576,82.84638,15.01920,71.89476,53.05462,35.89716,68.37767,23.16519,77.92753,8.55468,54.83708,43.46565,75.85692,12.45442,43.89804,58.32222,9.50270,49.62948,32.77836,30.45719,43.93428,40.78490,46.86881,12.69572,44.60553,15.60339,16.48092,27.11380,54.07875,43.48147,20.40603,81.23217,23.26940,50.75605,28.52405,0.25739,77.60159,41.73155,75.00435,15.48178,15.77532,44.64589,65.68352,58.50590,19.68111,57.33333,53.33016,46.77842,18.19440,19.34958,10.16366,32.30872,9.03251,25.64918,22.18541,71.66341,73.32331,6.09985,33.71080,33.53410,81.28844,34.47558
48.84118,65.80131,44.24916,34.07063,94.41733,69.82339,37.37508,82.04092,27.24226,20.28431,0.00000,36.82297,58.04966,26.80963,55.03240,17.10212,89.20705,26.96222,20.08336,67.88388,63.76630,80.59810,68.52617,37.62251,91.74416,32.08965,48.86995,93.99401,28.22510,58.19539,65.59452,36.41742,22.12400,95.74682,65.23726,24.00033,24.50751,92.90215,91.62072,42.42479,50.23760,72.47393,97.57652,11.78285,19.49848,34.72590,67.76720,5.89958,27.40315,81.38724,15.11880,0.68007,48.11529,71.36291,69.79173,95.69818,24.78958,100.31659,46.17771,38.91350,30.46426,79.78236,14.07276,67.68333,59.35385,12.76450,65.26194,61.66997,34.46851,74.01015,91.21531,85.03555,44.45858,25.54927,76.49942,76.81553,54.98466,28.80438,60.39684,58.94313,19.70604,28.87851,80.83957,2.36604,49.78813,88.26229,11.40332,96.92585,54.69233,93.50672,77.11182,19.24776,28.60736,80.25248,81.42823,7.43694,18.37010,96.26401,21.76501,23.34096,35.55918,70.79380,91.86465,10.90507,96.33509,26.74118,71.71193,31.18979,71.15949,27.74857,45.71256,73.96384,94.65884,94.92922,47.80258,10.21301,47.61757,20.15918,15.21845,70.28999,38.08861,9.88035,54.09650,24.65411,64.49521,11.48064,74.23280,45.62089,87.52011,88.35684,32.01032,46.89224,97.06000,80.65506,73.68488,31.99798,95.93527,27.05509,86.44218,62.80466,102.98115,32.39611,91.78464,72.46741,52.26725,88.42633,40.70815,98.20989,25.61070,74.55060,63.65535,96.04399,12.36591,62.51185,78.20096,23.33459,69.51633,53.03660,40.60446,62.31040,61.06444,65.57250,30.65662,63.82547,8.70266,5.86526,47.26094,74.23485,63.41755,5.32594,101.40008,34.42050,70.61580,39.45517,20.36181,96.74454,60.77465,95.17908,16.91227,29.85473,64.90956,84.77594,78.41672,27.11232,77.54941,72.49859,66.90054,11.50481,35.68005,22.49685,49.53500,29.31664,45.76583,13.13271,90.60754,93.49150,18.48303,51.40681,33.93070,101.51760,48.84118
13.56632,39.52064,35.33710,11.11601,67.52848,37.61200,31.81937,48.22480,25.23397,20.95300,36.82297,0.00000,22.42200,18.82319,18.46121,24.68717,54.66524,11.46058,18.37478,31.48417,45.99764,47.52319,46.01068,15.92414,57.18256,22.96640,12.61829,63.85200,12.25163,34.92568,31.46535,19.10492,27.68547,61.45493,39.93827,23.79397,17.57692,63.49666,61.53959,5.60502,32.58289,36.59307,71.41226,27.06872,27.60481,8.11807,33.55649,30.99123,9.83215,54.42592,28.61037,37.45439,13.05613,39.83658,34.03679,67.15787,24.37305,67.23067,34.41349,15.99033,18.93627,50.44186,26.59711,31.35862,26.22844,24.19114,30.24574,37.65920,27.68782,53.91300,62.27709,56.01501,35.77549,25.66596,43.78302,56.75925,26.93272,26.69253,24.22866,28.74301,29.52801,29.56980,51.32334,34.51522,13.08198,62.15096,45.06898,65.62622,37.81075,59.20247,54.39307,20.61559,9.57980,57.52459,57.44016,38.01431,32.26326,63.93654,18.28293,27.76546,12.32662,52.73311,58.59463,32.05781,70.01183,11.75471,38.51724,21.80259,38.33870,11.24669,11.15530,39.38015,72.54614,62.60074,13.94211,29.61673,13.93346,23.57915,22.94978,35.54640,10.01580,31.24556,17.53169,22.73656,36.51118,42.41693,38.91803,18.68464,55.08998,58.94337,33.30005,10.35767,74.54236,47.67319,37.63463,19.30416,70.15925,22.33424,59.14239,44.58774,69.85650,27.99465,57.65423,51.13661,15.50333,55.11990,5.28139,67.29975,12.50302,51.37369,32.88869,67.79226,24.64251,45.84234,44.42694,28.65778,36.19193,25.04366,13.52946,26.05476,32.40467,29.59107,8.64382,44.44059,35.36075,35.26563,25.42602,47.61608,39.99503,34.17771,68.56342,8.83689,46.87943,11.32312,21.10653,75.02342,25.51971,67.11178,21.87570,32.27524,37.45961,63.95210,44.77081,14.30107,49.88071,37.01450,35.17309,28.28106,32.02114,14.32736,12.82000,17.12529,17.86652,30.73208,70.06226,65.57157,26.96815,14.90977,26.76035,69.30087,13.56632
18.61132,25.55240,38.63707,24.87440,49.17118,17.39156,50.79534,26.11915,46.62460,39.30487,58.04966,22.42200,0.00000,34.22925,5.85854,47.10823,32.27581,33.87818,38.19818,10.39041,38.32024,25.84169,34.09352,33.88865,34.78363,43.17856,9.86560,43.44077,34.42428,25.90986,9.88449,37.67331,43.35137,39.08648,26.89732,39.28697,39.82020,43.59223,41.26655,17.33854,30.27501,14.42604,53.33869,49.23249,44.42990,28.73788,11.70900,52.15105,32.16061,37.08218,51.02948,58.71239,19.20394,20.04041,11.76172,47.66808,39.32468,45.17384,36.05691,22.90252,39.77846,31.48385,48.95222,10.03460,7.84108,45.88780,7.94237,26.74300,36.67497,42.47617,42.76172,36.84186,39.03368,39.98153,22.52479,44.87222,16.57181,47.75212,3.23854,14.04272,45.98767,50.65075,32.13326,55.85173,13.42407,44.75321,64.74587,44.45228,33.70365,36.83960,40.66768,39.69523,29.44285,43.33663,42.22536,57.82349,48.99166,42.25473,37.05578,42.86147,23.99147,43.20752,36.56581,51.26961,51.90763,31.34152,17.21636,33.51542,17.40402,33.61463,20.56734,17.08984,57.28749,40.94394,21.53616,51.79516,21.84777,45.93582,43.13492,13.25443,28.05780,53.47000,6.37230,44.65381,21.53195,61.59198,16.50206,17.81090,33.55775,39.27615,43.89443,15.79905,58.84472,26.04526,15.65060,39.63891,52.43346,43.84436,41.07166,36.92645,47.76161,38.26494,35.33770,39.17289,11.80924,33.12806,17.61791,46.30319,32.45217,37.75242,15.53989,48.46817,46.37074,39.13830,22.42550,43.65078,14.97083,16.22132,29.45853,4.99781,18.11025,7.57001,27.41196,35.79347,54.88403,55.46180,23.75187,31.50541,28.87977,56.05219,46.58858,29.45056,33.62593,28.18693,39.35214,59.85765,3.25778,47.94865,44.19630,43.95796,22.80529,50.47678,22.83224,36.43920,32.46415,14.62457,15.93753,50.51023,40.42893,35.96218,10.59062,31.53773,16.79438,53.12460,56.16209,46.59520,44.34016,8.10756,46.47327,47.58219,18.61132
32.21261,39.02795,21.58740,9.58974,67.77393,43.53303,42.11229,56.07278,32.01508,6.58431,26.80963,18.82319,34.22925,0.00000,32.92987,24.62714,63.48097,18.40115,8.62699,44.59443,38.67781,54.37580,42.30160,30.82435,65.99441,33.03518,26.81578,67.19584,21.07748,31.60009,40.20200,32.51897,9.35855,69.81170,38.53227,5.24434,23.18217,66.09260,64.82382,23.04770,24.46145,48.21683,71.05004,22.85701,10.20077,23.24727,42.33864,21.42583,16.07269,54.66430,27.38847,27.48420,31.77460,44.87779,45.48632,68.91591,5.62256,73.90153,22.26765,12.45514,28.92767,52.98095,24.35860,44.26034,33.75080,18.12502,40.46495,35.05201,11.48001,48.52506,64.41092,58.22604,21.95070,6.84480,50.22917,51.41075,28.29295,34.04749,37.10058,32.46422,11.80320,36.26552,54.04177,25.09299,30.44324,61.68052,31.08851,70.20214,29.44571,67.60255,51.01442,7.93095,10.10272,54.20637,55.13112,24.49981,14.79495,69.69811,6.13316,9.16409,10.23795,45.86127,65.57130,17.76726,69.77737,8.53130,45.69804,5.57029,45.02556,19.26793,29.97329,48.56173,68.97554,68.37167,32.76530,24.95793,32.75456,25.86545,12.17313,45.10079,26.76063,26.64268,32.06170,28.29596,37.69398,27.70065,49.35006,19.18601,61.03992,61.54787,15.08321,28.33013,71.29716,54.40226,49.60375,30.17330,69.45911,29.53071,59.71604,37.53060,76.55947,10.69009,65.81921,46.60711,32.43787,62.18011,19.57743,71.44646,8.75446,48.31011,37.16370,69.27955,18.59040,37.75040,52.28256,10.04244,43.60947,26.38944,30.51698,39.03791,34.32812,41.72183,10.23490,38.23743,21.44446,22.69279,20.52949,47.49630,36.91639,26.96114,74.91452,23.58073,44.20111,28.38742,6.47558,71.19646,36.41031,68.42496,20.63047,13.72520,38.09993,59.30726,52.44008,22.15396,50.76182,47.82108,40.54758,24.30618,15.19262,13.03718,28.44785,2.74648,19.52652,28.21747,65.32060,66.74299,10.18706,29.48654,36.82806,74.90341,32.21261
12.77913,30.86507,40.65650,23.34236,55.02965,23.24384,45.22617,31.39080,41.59709,37.28794,55.03240,18.46121,5.85854,32.92987,0.00000,42.93754,37.08754,29.70701,35.65026,13.03277,42.76018,31.36560,39.22503,28.39552,39.54638,37.87767,6.25799,49.19233,29.92518,30.26955,15.64571,32.18409,42.26294,43.92346,32.08221,38.14339,35.30900,49.39924,47.04103,12.96659,33.29551,18.39030,59.19599,45.52964,43.01044,23.85331,17.34260,49.14977,28.28626,42.89587,46.86679,55.67910,13.39408,25.89813,15.99603,53.49866,38.33785,50.37748,38.38233,22.93465,34.66614,37.34234,44.99514,12.93370,13.30883,42.54835,13.33740,31.52774,37.19719,47.64077,48.59694,42.69625,41.07649,39.19503,28.21296,50.12860,20.67783,42.60930,6.12255,19.06110,44.71220,45.49094,37.99041,52.76444,7.71885,50.58540,62.50778,50.05215,37.27575,41.70079,46.14361,37.44137,26.63646,48.88914,47.88503,55.49082,47.68258,47.68716,34.84700,41.92944,22.89395,48.06633,41.82781,49.12716,57.76491,28.69674,22.94271,33.18088,23.19596,29.32202,14.88642,22.26623,63.00545,46.39252,15.70529,48.07627,16.01975,41.51400,40.52013,18.50304,22.76406,49.69815,0.93608,39.87042,26.91993,59.54444,21.12831,19.27999,39.09022,45.10774,44.23633,10.35048,64.60082,31.58941,19.30664,34.40993,58.28446,38.88735,46.92282,41.33425,52.92571,38.51565,40.29954,44.38207,5.95257,38.43518,14.37274,51.94163,29.72508,43.18868,21.15622,54.30664,43.01230,43.40341,27.81129,42.76769,20.73808,19.86017,23.87075,7.74907,23.25825,11.46702,24.81342,40.36861,52.64985,52.94626,26.19955,37.19046,33.76309,52.60778,51.84599,24.53422,38.96233,22.74089,37.37099,65.57403,8.95715,53.79443,40.30707,44.01011,28.17004,55.98552,28.25396,31.88488,38.26743,19.13251,21.77183,46.73466,41.23776,32.60622,5.69704,30.37759,18.11991,49.07189,61.74507,52.44774,42.74520,3.63112,41.04635,52.97889,12.77913
34.28281,60.91445,46.05514,27.09987,89.78296,61.60577,21.51165,72.76101,10.67055,19.35073,17.10212,24.68717,47.10823,24.62714,42.93754,0.00000,79.32752,13.24995,16.07222,55.95001,62.98812,71.88213,65.65444,20.96838,81.84981,15.06521,37.29377,87.39252,13.25014,54.50122,55.96875,19.40118,26.25169,86.10163,60.84039,25.29423,8.27137,86.75467,85.03653,29.98800,48.64171,61.23115,93.39268,5.51277,24.01006,19.89417,58.09452,13.35150,15.04427,76.51673,3.93009,17.48742,33.49696,63.61380,58.70277,90.10836,26.35466,91.68559,46.89214,33.36470,13.43619,73.51240,3.03727,55.86985,50.35834,8.30452,54.90402,57.78097,35.71324,72.51186,85.33663,79.03203,46.39376,27.78817,68.01141,75.42070,48.72587,12.53196,48.85136,51.70049,25.51662,13.55417,74.47957,14.93630,36.44898,83.98015,28.26846,89.58071,53.80577,83.84701,74.39842,17.66030,19.91824,77.61212,78.16288,22.45614,26.28917,88.18936,18.56955,27.28668,28.99738,70.16712,83.05866,20.37745,92.04625,19.13617,62.83741,30.19057,62.54458,13.62133,31.06530,64.01385,92.61534,86.84694,32.69268,6.97572,32.45751,3.08302,14.58068,60.18891,22.64343,7.94048,42.02661,7.61594,58.65782,27.38581,63.60515,39.21939,79.32095,82.15579,36.75708,33.43090,94.84368,72.00825,62.22501,14.94040,91.94863,10.00378,81.46408,61.76967,94.32810,34.35263,82.27360,70.31521,38.97686,79.57742,29.64141,91.13726,18.06559,71.53531,56.22349,90.63121,8.13991,62.18679,68.93628,27.83277,60.52663,46.70076,24.49898,50.63576,54.74538,54.23329,22.08672,62.28549,21.45137,19.42579,43.43278,69.40517,59.89721,12.33291,92.96624,19.38951,67.19952,23.75564,19.59000,94.93596,50.18800,89.86693,4.00281,34.70825,59.37336,83.20062,69.25360,11.53487,72.21033,61.69842,58.94981,5.60541,38.69981,12.91107,37.24052,25.95613,38.92051,6.23022,89.29047,88.24745,22.65006,39.48636,17.32339,93.54897,34.28281
48.92868,31.67350,58.72966,55.16418,30.92621,20.49257,81.79707,7.69143,78.68276,69.45279,89.20705,54.66524,32.27581,63.48097,37.08754,79.32752,0.00000,66.12557,69.12417,25.10762,46.14859,10.34698,37.52081,65.24781,2.53981,74.89146,42.14069,20.19397,66.69729,39.11753,23.63538,69.01420,71.63666,6.83593,33.46080,67.92630,72.09438,22.22753,19.41150,49.60046,48.37045,19.06286,34.73746,81.18387,73.31824,60.88314,21.46337,83.36438,64.31936,27.06497,83.23851,89.88301,49.67591,20.10451,21.15233,26.38850,67.65398,14.12184,55.49083,51.04669,71.75272,20.72271,81.07101,24.92429,29.87236,77.55455,24.42367,36.74195,61.75907,42.45487,23.11646,21.41858,58.96983,67.85378,14.21366,43.03697,36.27934,79.68852,30.96579,31.55016,74.51494,82.56422,20.05955,87.12509,44.59654,30.76651,94.56099,17.67894,48.23607,4.62608,37.13008,70.17919,60.90961,37.61012,34.75260,87.94573,77.44625,13.53248,67.57133,70.84931,53.78034,46.12064,7.18140,81.22368,33.59409,62.58972,17.86844,60.98934,18.69500,65.88300,51.58955,15.34774,44.59502,12.68032,51.69976,83.74381,52.02538,78.20935,74.01635,19.14858,59.82139,85.44990,37.91396,76.86889,29.81008,91.11444,15.96152,44.38413,9.73361,20.70085,68.68299,47.40457,44.80180,10.51933,18.65518,71.46993,35.00723,75.95920,26.81913,45.42858,16.39217,63.87136,3.56107,39.73994,42.34420,6.05733,49.70796,19.85209,63.75173,35.92451,27.15037,27.49277,78.05038,47.96184,11.27059,71.48466,19.87775,37.84086,60.60632,29.43478,31.23825,25.66146,58.75182,43.44765,84.90298,85.93213,45.94321,28.39729,37.01862,87.72782,15.80492,61.57845,34.94397,59.69427,69.44308,46.77127,29.14554,27.64041,76.29706,69.52723,30.32764,43.52476,11.20226,68.70780,25.40198,17.97029,23.50544,82.50770,64.25162,67.76762,42.61471,60.74925,43.96101,85.28079,46.66717,27.31031,73.56360,40.19656,77.92022,17.83299,48.92868
21.92031,49.32582,39.23529,16.35430,77.89930,48.77963,24.15083,59.64852,15.22237,16.57832,26.96222,11.46058,33.87818,18.40115,29.70701,13.24995,66.12557,0.00000,12.74333,42.73114,53.52066,58.87390,54.93852,13.19927,68.64314,14.90463,24.04904,74.83930,2.68561,43.68496,42.86917,14.25414,24.59675,72.91338,49.48210,21.71913,6.50620,74.34841,72.50312,16.74638,39.32849,47.98177,81.65793,16.16503,23.42516,7.83362,44.97600,21.45382,2.66950,64.67649,17.17922,27.53736,21.18024,50.90001,45.45350,77.86723,22.65068,78.62802,39.23411,22.76693,10.66783,61.17501,15.32942,42.64066,37.44117,14.25504,41.70492,46.75584,29.67968,62.36510,73.03069,66.73501,39.63733,24.19465,55.07207,65.26670,36.83349,17.03720,35.60240,39.32389,25.38199,19.70801,62.10161,24.59732,23.43396,72.29631,36.54710,76.80796,44.65347,70.66047,63.57524,15.38936,9.47484,66.76822,67.00763,29.67323,27.47791,75.24979,14.23194,25.17505,18.25454,60.57042,69.99341,24.78408,80.28061,10.10597,49.84391,23.43876,49.61130,1.00031,18.76508,50.83460,81.85177,73.91050,20.85216,18.64009,20.67502,12.17708,15.62090,47.00267,11.42109,20.17176,28.79210,12.05700,46.70044,34.48371,50.36790,27.65516,66.38890,69.76534,33.23719,20.43615,83.97033,59.01352,48.98183,11.81368,80.30805,12.36692,69.52455,52.19211,81.26072,29.08416,69.10646,59.86602,25.96248,66.51512,16.53075,78.42934,9.65987,60.61634,43.69946,78.44876,14.61850,53.02136,55.83924,25.99213,47.52313,34.83906,14.53724,37.39189,42.66981,40.98349,11.10104,52.39567,27.48295,26.65933,33.07193,57.68213,48.99931,23.56964,79.94068,7.63630,56.17164,12.94761,16.81943,84.26085,36.98004,77.72637,10.75436,31.60999,47.52960,72.80627,56.17259,4.00601,60.23587,48.45504,46.22501,17.23762,33.57515,6.50120,24.01172,18.33271,27.14171,19.36538,78.93816,76.14448,22.34628,26.23950,18.81067,80.61443,21.92031
31.68663,46.77918,29.98880,14.00341,75.67897,49.82620,34.76795,61.96698,24.21339,3.94723,20.08336,18.37478,38.19818,8.62699,35.65026,16.07222,69.12417,12.74333,0.00000,48.24205,47.26887,60.56555,50.60512,25.94105,71.66109,26.05169,29.40028,74.46233,15.30180,39.69802,45.51673,26.79703,11.97800,75.66651,46.44183,9.72243,15.84710,73.52147,72.08651,23.72881,33.00095,52.58893,79.07421,14.32308,10.68191,19.61360,47.68897,14.26574,11.28633,62.47742,18.76155,20.75985,31.08215,51.44850,49.88625,76.54138,10.76177,80.32629,30.84559,19.24547,22.25680,60.30337,15.73408,48.00016,39.27163,9.65952,45.24779,43.10279,19.67011,57.03886,71.92778,65.67546,30.33118,12.29497,56.48473,59.93338,35.33414,26.27701,40.70001,39.06748,12.64172,28.26934,61.33525,18.03609,31.37002,69.67077,26.89030,77.18664,38.04241,73.42540,59.34637,2.65047,9.05539,62.55048,63.35476,19.85266,14.84598,76.35883,2.50462,12.68456,15.56127,54.45481,71.84009,13.69153,77.77452,6.95382,51.65020,14.15435,51.11870,13.73829,28.89430,53.89134,77.40704,75.01980,31.45680,16.53710,31.36066,17.53742,4.93964,50.23327,23.37373,18.25986,34.72337,20.44006,45.07345,24.08591,54.22468,25.81764,67.57341,68.93967,21.50850,28.72745,79.70328,60.63022,53.84759,23.68155,77.52926,21.98092,67.50896,46.10348,82.99146,18.42120,71.70701,55.03549,33.70620,68.39224,21.30547,78.54818,5.96684,56.58433,43.76817,76.96160,10.14621,46.36650,58.12476,13.44798,49.44444,33.34235,26.86869,42.63538,41.45075,45.75895,10.85475,46.75806,17.07425,17.31221,28.53883,55.30127,45.07022,19.17370,81.44108,19.68777,52.38688,25.00776,4.20186,79.65794,40.82099,76.13612,12.09964,19.64577,45.60548,67.80360,58.34546,15.74550,58.41243,52.52341,46.93300,15.78300,22.85756,6.26862,30.40962,10.35329,25.85885,19.63971,73.84137,74.47128,9.62529,32.02782,29.62948,81.64405,31.68663
23.90033,29.89412,47.97400,35.18034,47.95340,17.60399,56.72535,20.72681,54.13974,49.54092,67.88388,31.48417,10.39041,44.59443,13.03277,55.95001,25.10762,42.73114,48.24205,0.00000,44.49225,21.69706,38.59892,40.32073,27.43667,50.07086,19.03209,40.21046,42.87713,32.74792,10.71103,44.05919,53.73910,31.86569,31.60558,49.67021,48.24057,40.99812,38.33205,25.99794,38.86027,6.08276,52.20518,58.55153,54.79281,36.64466,10.68088,61.98853,41.31378,37.54710,59.87765,68.53753,24.66476,20.18802,4.80690,45.35778,49.71420,38.97796,45.18462,33.25301,47.15658,30.88556,58.02707,0.61847,14.51346,55.49604,7.61614,32.61183,46.83594,46.56923,40.66876,35.52257,48.34751,50.37016,19.77595,48.56404,24.50506,55.00680,7.55463,20.55152,56.36587,57.84853,31.20794,65.64077,19.92803,44.63766,74.94722,40.05849,41.51239,29.71810,43.54613,49.85758,39.33581,45.73026,43.98856,67.98549,59.36882,37.02554,47.22724,53.25188,34.35771,48.22412,30.74581,61.48806,50.80517,41.32070,15.51954,43.87804,16.40322,42.32945,26.68579,12.14642,58.24200,35.81809,26.62519,61.10079,26.95010,54.46490,53.16000,9.49424,35.15552,62.72731,13.95683,52.63842,25.91637,71.84872,9.66087,27.85518,29.07517,37.21697,54.08142,22.87719,59.42564,22.00526,6.54413,46.74828,51.64887,51.51633,40.57611,43.20929,41.39660,48.50053,28.53053,43.21400,17.52930,27.58544,27.18136,42.11595,42.39629,40.92466,19.61594,46.30362,55.96579,45.64431,17.81183,54.04074,14.15883,24.78973,35.64314,5.61126,23.70713,3.51826,37.39500,41.74914,65.07727,65.54915,33.05931,33.53813,34.37496,65.59094,40.56613,37.29695,37.40389,34.87637,49.59820,60.78122,8.90421,45.97962,53.33946,54.22613,27.16469,52.91770,18.36330,44.80950,33.29505,7.72116,17.93469,59.76334,50.45985,45.54308,18.72119,41.91266,26.91683,62.09642,58.07549,44.88614,54.67829,16.58299,52.96412,42.10051,23.90033
52.62258,15.43626,20.15453,37.17346,33.75601,29.23201,77.22497,39.16070,68.68174,44.91773,63.76630,45.99764,38.32024,38.67781,42.76018,62.98812,46.14859,53.52066,47.26887,44.49225,0.00000,36.05472,8.85812,61.92117,47.95749,68.01486,41.13807,38.13963,55.74117,12.49065,33.91395,65.02394,41.69797,49.86544,13.53338,39.96561,59.70103,35.96729,36.15683,45.14812,14.35516,43.00419,35.89194,61.53317,44.28558,53.98723,34.61085,59.17971,50.85438,23.25005,65.98994,64.39172,52.81818,27.86371,41.31170,36.94723,39.08441,49.68814,17.70113,30.81497,63.74208,26.49562,62.98651,43.87667,30.84802,56.79305,36.87920,11.88197,29.29889,10.36885,33.83915,29.29425,20.07813,38.22477,32.98057,13.08112,22.09249,70.54735,41.00405,24.43000,44.32360,73.15267,27.48392,62.52968,47.56003,27.53762,63.83914,42.75234,9.23407,48.27231,14.75350,46.46470,44.19633,17.47588,19.54234,59.08008,46.37506,44.55480,44.79835,40.50040,35.29267,7.18649,43.79412,53.09888,34.90051,44.27640,32.52762,33.32600,31.27148,54.01817,52.76762,37.91590,30.97904,43.53005,55.05552,63.59116,55.27213,63.76508,50.59324,37.17500,55.89625,65.24834,42.63101,65.26180,18.92507,60.09175,40.97942,27.47146,38.45732,32.43490,33.15479,48.06002,33.42508,35.81203,44.50006,64.50838,34.04668,65.87042,27.55487,1.45022,51.94081,31.40750,46.44568,9.73088,47.46648,41.51850,41.75472,43.00759,45.20647,13.23209,24.96087,36.84461,57.25216,1.96294,36.99366,40.62304,32.27619,23.13959,59.09867,41.87525,20.81389,41.15092,42.42118,2.84088,56.25709,58.49855,20.65014,18.30017,10.25027,65.06475,49.90291,54.66098,11.68680,57.00624,44.74183,32.99676,37.10883,35.85227,58.99727,35.02075,17.80928,21.03146,36.68516,57.49592,21.97705,41.02836,27.42614,62.97973,28.70795,50.38881,43.60221,37.05241,28.44865,66.89413,26.84926,34.21119,45.28527,42.10933,71.94844,48.48993,52.62258
43.97682,21.34984,48.45599,46.56561,26.94913,10.84623,76.58443,3.19423,72.32500,60.55617,80.59810,47.52319,25.84169,54.37580,31.36560,71.88213,10.34698,58.87390,60.56555,21.69706,36.05472,0.00000,27.59278,59.71060,12.52340,69.01066,35.45198,18.51368,59.75570,28.78682,16.12517,63.49819,62.17617,15.68216,23.15653,58.59362,65.10008,19.40614,16.67592,42.90164,38.09706,16.04875,31.15608,73.26037,63.98660,54.42569,14.14625,74.82791,56.84809,19.21204,75.74068,81.27755,44.65076,9.93888,16.93905,23.81088,58.25042,19.84102,45.21087,41.92881,65.54577,12.16411,73.38837,21.28756,21.55813,69.37891,18.02833,26.39756,51.87111,33.24787,19.30274,15.06289,48.68779,58.34681,4.16451,34.20403,26.53970,73.52024,25.45781,21.98824,65.08115,76.42362,11.88910,78.59893,39.08441,24.80450,85.33986,18.71590,37.88922,13.59175,28.34834,61.40597,52.77666,29.38760,26.81489,78.87199,67.96816,16.45002,58.84407,61.33192,45.03893,36.57975,11.27841,72.13915,29.80903,54.29441,9.04606,51.49951,9.45136,58.74870,46.25074,9.59000,38.93547,15.12632,46.87601,75.80017,47.19879,71.04962,65.38116,12.99589,53.89678,77.53419,32.05797,70.16524,19.49425,81.82026,12.26418,35.18993,7.72516,15.98452,58.68392,41.61344,39.66284,0.36912,16.54934,65.45450,30.86724,69.50353,20.60341,35.26968,22.49907,54.02630,11.71756,30.30862,37.13464,7.82823,42.34644,20.66617,55.46956,26.71171,17.38138,24.80045,69.88142,37.82622,3.89310,61.92815,11.35628,28.23961,55.22889,24.39193,21.16608,20.81623,50.57476,33.30935,75.81300,77.00880,36.03156,18.85090,26.72065,79.48730,21.08484,55.15184,25.15594,54.01867,60.52562,41.34418,22.58434,24.56751,68.61600,59.61586,19.98501,35.95699,3.33401,61.79977,16.42333,14.02859,13.85390,74.63291,54.19208,59.80778,36.42895,51.67873,34.90796,77.64523,39.99881,23.63743,64.32051,33.94404,72.31338,21.80414,43.97682
